9.968911213993791876e-01 7.636639108012083232e-02 -1.939758718207664975e-02 1.857251676967333509e+00 -7.650428901672770565e-02 9.970482714674110403e-01 -6.468239783194911462e-03 -2.131628207280300558e-14 1.884637464164447621e-02 7.932129426954016849e-03 9.997909258868180604e-01 2.442490654175344389e-15 0.000000000000000000e+00 0.000000000000000000e+00 0.000000000000000000e+00 1.000000000000000000e+00 1.000000000000000000e+00 0.000000000000000000e+00 0.000000000000000000e+00 1.419177199622989605e+00 0.000000000000000000e+00 1.000000000000000000e+00 0.000000000000000000e+00 0.000000000000000000e+00 0.000000000000000000e+00 0.000000000000000000e+00 1.000000000000000000e+00 -1.110223024625156540e-15 0.000000000000000000e+00 0.000000000000000000e+00 0.000000000000000000e+00 1.000000000000000000e+00
2.003002054242399854e-01 9.796181334924074502e-01 -1.510431196245657151e-02 1.857251676967322851e+00 -9.303419680544506853e-01 1.950128753570383733e-01 3.105379218735643820e-01 0.000000000000000000e+00 3.071541147104805414e-01 -4.814863422603134213e-02 9.504409812495402399e-01 1.776356839400250465e-15 0.000000000000000000e+00 0.000000000000000000e+00 0.000000000000000000e+00 1.000000000000000000e+00 5.867537211569225919e-01 7.237803889668720236e-01 3.631281030923768638e-01 1.419177199623007368e+00 -6.440898689491333373e-01 6.889370585245750966e-01 -3.324364151361802189e-01 2.131628207280300558e-14 -4.907833650660877733e-01 -3.882882870329507075e-02 8.704159986098241042e-01 7.105427357601001859e-15 0.000000000000000000e+00 0.000000000000000000e+00 0.000000000000000000e+00 1.000000000000000000e+00
9.843455897811179689e-01 -3.537467134180816847e-02 -1.726626552150811733e-01 1.857251676967312193e+00 9.068661240336681542e-03 9.885188908712564393e-01 -1.508249375069290743e-01 0.000000000000000000e+00 1.760156790225545498e-01 1.468980429349557582e-01 9.733650115553306170e-01 4.884981308350688778e-15 0.000000000000000000e+00 0.000000000000000000e+00 0.000000000000000000e+00 1.000000000000000000e+00 9.191345415858996892e-01 -2.987675678358025499e-01 -2.567676671100885266e-01 1.419177199623003816e+00 3.388540554159120144e-01 9.320225081125608213e-01 1.284989241190819254e-01 0.000000000000000000e+00 2.009219340735803327e-01 -2.051145650144100552e-01 9.578926827296893043e-01 -5.329070518200751394e-15 0.000000000000000000e+00 0.000000000000000000e+00 0.000000000000000000e+00 1.000000000000000000e+00
9.327742849153480842e-01 7.702481166142795266e-02 3.521353600381286753e-01 1.857251676967308640e+00 1.304696755956071264e-01 8.385214943877806748e-01 -5.290173600172872748e-01 -7.105427357601001859e-15 -3.360205308469082497e-01 5.393967758878474017e-01 7.721018851234320302e-01 1.065814103640150279e-14 0.000000000000000000e+00 0.000000000000000000e+00 0.000000000000000000e+00 1.000000000000000000e+00 1.245042212035378792e-01 9.856009169408102011e-01 1.144094901130782993e-01 1.419177199623007368e+00 -9.174133594178255358e-01 1.582724322792042893e-01 -3.651062381583260463e-01 0.000000000000000000e+00 -3.779569113856763862e-01 -5.950352683546387966e-02 9.239090341748700252e-01 3.552713678800500929e-15 0.000000000000000000e+00 0.000000000000000000e+00 0.000000000000000000e+00 1.000000000000000000e+00
8.210406723137468887e-01 -1.174331970651507212e-01 -5.586605934139690088e-01 1.857251676967322851e+00 3.175438657175733148e-01 9.071924830439686005e-01 2.759849489621824525e-01 -1.421085471520200372e-14 4.744028960195440514e-01 -4.039941125011305978e-01 7.821321175560389527e-01 0.000000000000000000e+00 0.000000000000000000e+00 0.000000000000000000e+00 0.000000000000000000e+00 1.000000000000000000e+00 9.495178664541598090e-01 -1.690738537810897446e-01 -2.642533883452602428e-01 1.419177199623007368e+00 2.825035296144080554e-01 8.270970042917640264e-01 4.859035925438202619e-01 1.065814103640150279e-14 1.364095929168528676e-01 -5.360266574147225516e-01 8.331073433244111648e-01 7.105427357601001859e-15 0.000000000000000000e+00 0.000000000000000000e+00 0.000000000000000000e+00 1.000000000000000000e+00
1.278427556992955960e-01 9.836598108539656993e-01 -1.267659509724549938e-01 1.857251676967312193e+00 -9.546437006548803561e-01 8.738992853305471709e-02 -2.846373222030851302e-01 -1.776356839400250465e-14 -2.689082271243584121e-01 1.574051361986902597e-01 9.502168113031395080e-01 -1.421085471520200372e-14 0.000000000000000000e+00 0.000000000000000000e+00 0.000000000000000000e+00 1.000000000000000000e+00 4.143351335244301881e-01 8.925862381322207106e-01 1.778094615712648152e-01 1.419177199623000263e+00 -8.769894479315829550e-01 3.393205214673231662e-01 3.402221214556767070e-01 8.881784197001252323e-15 2.433431842973004522e-01 -2.969029996616982525e-01 9.233811257806473494e-01 1.421085471520200372e-14 0.000000000000000000e+00 0.000000000000000000e+00 0.000000000000000000e+00 1.000000000000000000e+00
-7.499784336431569720e-02 9.245661929316499883e-01 3.735675017698628642e-01 1.857251676967301535e+00 -9.745709035746843441e-01 -1.472866829855814519e-01 1.688732865811762018e-01 -7.105427357601001859e-15 2.111560498691070487e-01 -3.514028854505605315e-01 9.121014936402063178e-01 7.105427357601001859e-15 0.000000000000000000e+00 0.000000000000000000e+00 0.000000000000000000e+00 1.000000000000000000e+00 9.295242614484009458e-01 -3.654066032160501187e-01 -4.962521239161565845e-02 1.419177199623014474e+00 3.658168307510675232e-01 8.967442566839523010e-01 2.490537782158519786e-01 1.421085471520200372e-14 -4.650477091707534011e-02 -2.496552671794730893e-01 9.672174284262542443e-01 0.000000000000000000e+00 0.000000000000000000e+00 0.000000000000000000e+00 0.000000000000000000e+00 1.000000000000000000e+00
7.025631852093017216e-01 5.216166987337108596e-01 4.840671341773841174e-01 1.857251676967337062e+00 -6.498776649097529612e-01 7.474437474267865422e-01 1.377928339357638032e-01 -7.105427357601001859e-15 -2.899379096289535496e-01 -4.113925911276810066e-01 8.641135021079380252e-01 -8.881784197001252323e-16 0.000000000000000000e+00 0.000000000000000000e+00 0.000000000000000000e+00 1.000000000000000000e+00 8.360371314481446214e-01 -5.379717817755457210e-01 -1.078344882363819063e-01 1.419177199623007368e+00 4.341255489354934882e-01 7.687811873812517849e-01 -4.695854487631927476e-01 3.552713678800500929e-15 3.355248464740193670e-01 3.457771651539720548e-01 8.762769136846345619e-01 -1.243449787580175325e-14 0.000000000000000000e+00 0.000000000000000000e+00 0.000000000000000000e+00 1.000000000000000000e+00
7.060956420541875111e-01 3.812222801415774409e-01 5.967399076614042785e-01 1.857251676967315746e+00 -5.262746899947112755e-01 8.463481728199989673e-01 8.203487694401526142e-02 -1.421085471520200372e-14 -4.737762076582731630e-01 -3.719735790185989543e-01 7.982303937893112655e-01 0.000000000000000000e+00 0.000000000000000000e+00 0.000000000000000000e+00 0.000000000000000000e+00 1.000000000000000000e+00 2.329888540893573223e-01 9.427700210680484139e-01 -2.385390560169961538e-01 1.419177199623009145e+00 -9.334082194955802825e-01 1.479665614031835386e-01 -3.268868190744443347e-01 0.000000000000000000e+00 -2.728832894264849318e-01 2.988153009500507662e-01 9.144638463438080622e-01 -7.105427357601001859e-15 0.000000000000000000e+00 0.000000000000000000e+00 0.000000000000000000e+00 1.000000000000000000e+00
9.322015121500267787e-01 3.577531257865914638e-01 5.489118085017570536e-02 1.857251676967308640e+00 -3.615628488766715609e-01 9.135405552805191398e-01 1.863221945178457628e-01 -1.953992523340275511e-14 1.651202765830371566e-02 -1.935364432030413362e-01 9.809541263968093450e-01 -3.552713678800500929e-15 0.000000000000000000e+00 0.000000000000000000e+00 0.000000000000000000e+00 1.000000000000000000e+00 9.645245819584430391e-01 1.460917640908437343e-01 -2.198852593120238508e-01 1.419177199623021579e+00 -1.160962711682625437e-01 9.827866464851522377e-01 1.437082576308464643e-01 1.776356839400250465e-14 2.370948894824937980e-01 -1.130822884243759680e-01 9.648825884147720355e-01 3.552713678800500929e-15 0.000000000000000000e+00 0.000000000000000000e+00 0.000000000000000000e+00 1.000000000000000000e+00
1.302509358008464568e-01 9.477483663364002497e-01 -2.912176640069902844e-01 1.857251676967322851e+00 -8.429537800012870674e-01 2.604877124927481580e-01 4.707176185589796447e-01 -7.105427357601001859e-15 5.219804771296963075e-01 1.841716203625842763e-01 8.328368362101155054e-01 -2.131628207280300558e-14 0.000000000000000000e+00 0.000000000000000000e+00 0.000000000000000000e+00 1.000000000000000000e+00 3.114039071946538284e-01 9.486264286571297610e-01 5.599558408591980008e-02 1.419177199623000263e+00 -8.617779935008564873e-01 2.570801935243648417e-01 4.373196359816389767e-01 2.131628207280300558e-14 4.004576088695800395e-01 -1.844388054360985574e-01 8.975611569958692471e-01 -3.552713678800500929e-15 0.000000000000000000e+00 0.000000000000000000e+00 0.000000000000000000e+00 1.000000000000000000e+00
9.802331875923677718e-01 6.771179154849100990e-02 -1.858978515954386457e-01 1.857251676967319298e+00 -1.579724980531936607e-01 8.335551725276167945e-01 -5.293679856312513143e-01 -1.421085471520200372e-14 1.191116610636412942e-01 5.482708159639254619e-01 8.277750446594240863e-01 -7.105427357601001859e-15 0.000000000000000000e+00 0.000000000000000000e+00 0.000000000000000000e+00 1.000000000000000000e+00 5.695438860598096564e-01 8.133587932842757384e-01 1.186053760966914172e-01 1.419177199623003816e+00 -7.598243227163322677e-01 4.659426485059412482e-01 4.533921557679797543e-01 1.443289932012703503e-14 3.135071936344647203e-01 -3.483459798683141151e-01 8.833845809436716712e-01 0.000000000000000000e+00 0.000000000000000000e+00 0.000000000000000000e+00 0.000000000000000000e+00 1.000000000000000000e+00
-5.412940895296336485e-02 9.899276367358803563e-01 1.308177400543135971e-01 1.857251676967308640e+00 -9.571359399462228135e-01 -1.410632177491266681e-02 -2.892953579808074660e-01 -1.421085471520200372e-14 -2.845361129095281827e-01 -1.408697473288630930e-01 9.482588859261158465e-01 8.881784197001252323e-15 0.000000000000000000e+00 0.000000000000000000e+00 0.000000000000000000e+00 1.000000000000000000e+00 9.682108859359230824e-01 -8.232740802080274270e-03 2.499998046680450559e-01 1.419177199623000263e+00 -8.514774398862841320e-02 9.289211691880446820e-01 3.603544409716121777e-01 2.842170943040400743e-14 -2.351968155584210352e-01 -3.701860119091507917e-01 8.986905888780499785e-01 1.110223024625156540e-15 0.000000000000000000e+00 0.000000000000000000e+00 0.000000000000000000e+00 1.000000000000000000e+00
4.561628901530790925e-01 8.651288764914765173e-01 2.084884761990110080e-01 1.857251676967308640e+00 -8.207066544536988362e-01 3.184144609311444496e-01 4.743973212459633437e-01 -1.421085471520200372e-14 3.440290757808224242e-01 -3.875103329338773772e-01 8.552658866614923916e-01 -1.421085471520200372e-14 0.000000000000000000e+00 0.000000000000000000e+00 0.000000000000000000e+00 1.000000000000000000e+00 7.692557977153344773e-01 3.129818247625921757e-01 -5.570349136720448291e-01 1.419177199623014474e+00 -3.965933946671536536e-01 9.174290563144847921e-01 -3.221189122509363761e-02 9.769962616701377556e-15 5.009582786896805695e-01 2.456955514416000741e-01 8.298641449141421766e-01 0.000000000000000000e+00 0.000000000000000000e+00 0.000000000000000000e+00 0.000000000000000000e+00 1.000000000000000000e+00
9.995726875176683679e-01 2.457918545006830199e-02 -1.582106226891473455e-02 1.857251676967315746e+00 -2.801982533591406907e-02 9.598603640494359768e-01 -2.790752065573529062e-01 7.105427357601001859e-15 8.326569332599996834e-03 2.793992576394853100e-01 9.601389082177921308e-01 7.105427357601001859e-15 0.000000000000000000e+00 0.000000000000000000e+00 0.000000000000000000e+00 1.000000000000000000e+00 9.887527145949877028e-01 -1.417193279588115362e-01 -4.778808914306670319e-02 1.419177199623014474e+00 1.494126835666235165e-01 9.218411970282922585e-01 3.576096439567384433e-01 -1.421085471520200372e-14 -6.627169113799484187e-03 -3.607276528689588035e-01 9.326476510908012774e-01 0.000000000000000000e+00 0.000000000000000000e+00 0.000000000000000000e+00 0.000000000000000000e+00 1.000000000000000000e+00
3.102604883775469391e-01 9.503304790337850916e-01 -2.470647629960087688e-02 1.857251676967322851e+00 -9.432301809840107909e-01 3.044933530471570782e-01 -1.326673419910485707e-01 -2.131628207280300558e-14 -1.185548608560465789e-01 6.446532842944348307e-02 9.908526461577863431e-01 -1.776356839400250465e-15 0.000000000000000000e+00 0.000000000000000000e+00 0.000000000000000000e+00 1.000000000000000000e+00 5.809355544935446147e-03 8.568815053137998072e-01 -5.154806856122827741e-01 1.419177199622993157e+00 -8.600751932934517230e-01 -2.586916698181491725e-01 -4.397150007083331369e-01 7.105427357601001859e-15 -5.101342110360608251e-01 4.459066110945814065e-01 7.354796944258634728e-01 -5.329070518200751394e-15 0.000000000000000000e+00 0.000000000000000000e+00 0.000000000000000000e+00 1.000000000000000000e+00
7.277614594138104298e-01 6.761962543927829694e-01 1.145507910799903883e-01 1.857251676967337062e+00 -5.667998978234723984e-01 6.870431578631284175e-01 -4.546532470584167540e-01 -1.421085471520200372e-14 -3.861361599477340922e-01 2.659517339267245539e-01 8.832714991451873221e-01 1.065814103640150279e-14 0.000000000000000000e+00 0.000000000000000000e+00 0.000000000000000000e+00 1.000000000000000000e+00 8.443973139321359067e-01 4.852026554387114388e-01 -2.270937237781286422e-01 1.419177199622993157e+00 -4.034322257148310609e-01 8.548343113457699260e-01 3.263445102966815448e-01 -1.421085471520200372e-14 3.524707299606189004e-01 -1.839475014813366505e-01 9.175661835637809460e-01 -7.105427357601001859e-15 0.000000000000000000e+00 0.000000000000000000e+00 0.000000000000000000e+00 1.000000000000000000e+00
9.763225041844728613e-01 1.708502944979070626e-01 -1.326821189646080479e-01 1.857251676967315746e+00 -1.805030789939531810e-01 9.814632489952508365e-01 -6.440907812869925420e-02 -1.598721155460225418e-14 1.192183135959516138e-01 8.683356345137875631e-02 9.890636612279680717e-01 1.421085471520200372e-14 0.000000000000000000e+00 0.000000000000000000e+00 0.000000000000000000e+00 1.000000000000000000e+00 7.253479648733085483e-01 4.711989552494016964e-01 5.018384943644936813e-01 1.419177199623007368e+00 -4.765963384647163847e-01 8.697813342344722365e-01 -1.278137738247598354e-01 5.329070518200751394e-15 -4.967154718912780709e-01 -1.464649281881970078e-01 8.554658174320299846e-01 -2.131628207280300558e-14 0.000000000000000000e+00 0.000000000000000000e+00 0.000000000000000000e+00 1.000000000000000000e+00
9.820232910488869704e-01 -1.795417381881699026e-01 -5.826680088938869517e-02 1.857251676967315746e+00 1.574847125689388949e-01 9.494774363086432301e-01 -2.714611634246141825e-01 -7.105427357601001859e-15 1.040616218622010536e-01 2.574050547078224338e-01 9.606840358131654156e-01 -7.105427357601001859e-15 0.000000000000000000e+00 0.000000000000000000e+00 0.000000000000000000e+00 1.000000000000000000e+00 8.430136046321629051e-01 5.322999619470745181e-01 7.736157260701378990e-02 1.419177199623007368e+00 -5.323210031237040063e-01 8.049618558342648278e-01 2.620510642703630100e-01 0.000000000000000000e+00 7.721665648330558462e-02 -2.620938022216461882e-01 9.619482453846152081e-01 0.000000000000000000e+00 0.000000000000000000e+00 0.000000000000000000e+00 0.000000000000000000e+00 1.000000000000000000e+00
9.534911035262252366e-01 3.005890713578141527e-01 2.238136896144295174e-02 1.857251676967315746e+00 -2.530740097728268467e-01 8.386779099201168153e-01 -4.822581352237902408e-01 -1.421085471520200372e-14 -1.637322847634042344e-01 4.541646987517538037e-01 8.757432074152127210e-01 7.105427357601001859e-15 0.000000000000000000e+00 0.000000000000000000e+00 0.000000000000000000e+00 1.000000000000000000e+00 3.311289858747817894e-01 9.359569836556956846e-01 1.197418868219065347e-01 1.419177199623014474e+00 -8.150506373559055495e-01 2.197689533648090610e-01 5.360914713765445594e-01 7.105427357601001859e-15 4.754430073723565631e-01 -2.751111264254285094e-01 8.356242067207371171e-01 -1.776356839400250465e-15 0.000000000000000000e+00 0.000000000000000000e+00 0.000000000000000000e+00 1.000000000000000000e+00
8.566660519271396268e-01 4.108532729269809280e-01 -3.119661257264238485e-01 1.857251676967337062e+00 -4.231424653469159081e-01 9.055453921800407091e-01 3.062673214089927515e-02 -1.953992523340275511e-14 2.950825808069687528e-01 1.057692338380307184e-01 9.495994627618608019e-01 -4.218847493575594854e-15 0.000000000000000000e+00 0.000000000000000000e+00 0.000000000000000000e+00 1.000000000000000000e+00 9.850527437436745748e-01 -9.282519724078873435e-02 -1.451019462318383635e-01 1.419177199623021579e+00 1.536807168474716989e-01 8.540838771168575150e-01 4.969134412735118356e-01 1.065814103640150279e-14 7.780314461707749096e-02 -5.117853198424563432e-01 8.555831093946683064e-01 -3.552713678800500929e-15 0.000000000000000000e+00 0.000000000000000000e+00 0.000000000000000000e+00 1.000000000000000000e+00
9.126903254666063336e-02 9.928014255988474313e-01 -7.755832016549162045e-02 1.857251676967329956e+00 -9.362392349871718755e-01 5.901037481063253765e-02 -3.463724448268711287e-01 -1.421085471520200372e-14 -3.393023114696270270e-01 1.042262202788001441e-01 9.348854670160207103e-01 3.552713678800500929e-15 0.000000000000000000e+00 0.000000000000000000e+00 0.000000000000000000e+00 1.000000000000000000e+00 8.968180944582382352e-01 -2.780034839150937742e-01 3.441385889192966618e-01 1.419177199623007368e+00 2.620399662497958637e-01 9.605567478375878210e-01 9.309022650892333217e-02 0.000000000000000000e+00 -3.564440510656620709e-01 6.693064675246468420e-03 9.342926957571447977e-01 7.105427357601001859e-15 0.000000000000000000e+00 0.000000000000000000e+00 0.000000000000000000e+00 1.000000000000000000e+00
8.187910691948078190e-01 -7.474637073145661004e-02 5.692048533430640322e-01 1.857251676967321075e+00 1.435846571459122589e-01 9.866394115129004661e-01 -7.698128267162275551e-02 -1.065814103640150279e-14 -5.558458700387314266e-01 1.447606704597388383e-01 8.185839706767612522e-01 -1.421085471520200372e-14 0.000000000000000000e+00 0.000000000000000000e+00 0.000000000000000000e+00 1.000000000000000000e+00 9.895192210042933478e-01 -2.455772928396823557e-03 -1.443803326024031553e-01 1.419177199623000263e+00 -2.727108216764888293e-02 9.786845698214332590e-01 -2.035504872773371554e-01 3.552713678800500929e-15 1.418026774798760437e-01 2.053545275195076125e-01 9.683602215533112512e-01 7.105427357601001859e-15 0.000000000000000000e+00 0.000000000000000000e+00 0.000000000000000000e+00 1.000000000000000000e+00
8.990976265403092249e-01 -1.560643144723541376e-01 4.089833587052862374e-01 1.857251676967312193e+00 -3.673802220379491362e-02 9.040914698780607717e-01 4.257568928605631187e-01 -7.105427357601001859e-15 -4.362038235436916933e-01 -3.978222515672064641e-01 8.071330004923985557e-01 -1.421085471520200372e-14 0.000000000000000000e+00 0.000000000000000000e+00 0.000000000000000000e+00 1.000000000000000000e+00 9.572454272539865361e-01 -8.499318616328015163e-02 2.765092228247490458e-01 1.419177199623006702e+00 5.469934411102682359e-02 9.918007558136933133e-01 1.154956385376093159e-01 0.000000000000000000e+00 -2.840583984943169660e-01 -9.543279872874228797e-02 9.540458097867434706e-01 0.000000000000000000e+00 0.000000000000000000e+00 0.000000000000000000e+00 0.000000000000000000e+00 1.000000000000000000e+00
8.141824996567250672e-01 5.650530561921573991e-01 1.334986926551327557e-01 1.857251676967322851e+00 -5.255933828533740915e-01 8.149819986135531380e-01 -2.440408528025686252e-01 -1.598721155460225418e-14 -2.466950610642083819e-01 1.285277620740400972e-01 9.605322281020900466e-01 3.552713678800500929e-15 0.000000000000000000e+00 0.000000000000000000e+00 0.000000000000000000e+00 1.000000000000000000e+00 9.859566999229030237e-01 -4.653830893324919366e-02 1.603856966152908126e-01 1.419177199623003816e+00 2.312953209677063790e-02 9.891847122736624476e-01 1.448400143228941728e-01 7.105427357601001859e-15 -1.653916884916624419e-01 -1.390963364208604447e-01 9.763697038377274762e-01 0.000000000000000000e+00 0.000000000000000000e+00 0.000000000000000000e+00 0.000000000000000000e+00 1.000000000000000000e+00
6.537869458394660604e-01 5.387508783169809856e-01 -5.313286370623970800e-01 1.857251676967322851e+00 -6.354782851385609721e-01 7.721181391766491764e-01 9.634685995504876921e-04 -4.263256414560601115e-14 4.107675480941219148e-01 3.370179079323086802e-01 8.471652443093219409e-01 -7.105427357601001859e-15 0.000000000000000000e+00 0.000000000000000000e+00 0.000000000000000000e+00 1.000000000000000000e+00 8.001457032941918790e-01 -9.578516092754650602e-02 5.921081459040460349e-01 1.419177199622996710e+00 2.884829998646558091e-01 9.269468501375904834e-01 -2.398897576160524403e-01 2.842170943040400743e-14 -5.258749017484405375e-01 3.627598929954680140e-01 7.693249298865756369e-01 1.498801083243961330e-15 0.000000000000000000e+00 0.000000000000000000e+00 0.000000000000000000e+00 1.000000000000000000e+00
2.777583536308313450e-01 9.362664994655409689e-01 -2.150705441636120430e-01 1.857251676967329956e+00 -7.922502092312606603e-01 9.663376278204061087e-02 -6.024960762225824995e-01 -1.421085471520200372e-14 -5.433138162805303262e-01 3.377380018137230433e-01 7.685981649532866999e-01 0.000000000000000000e+00 0.000000000000000000e+00 0.000000000000000000e+00 0.000000000000000000e+00 1.000000000000000000e+00 7.360302895457466743e-01 6.234544068673130157e-01 -2.637499107657313435e-01 1.419177199623007368e+00 -6.582573562775911880e-01 5.682275984081609499e-01 -4.937759100176213334e-01 1.421085471520200372e-14 -1.579767887306255669e-01 5.370493450000852764e-01 8.286261734083342212e-01 2.842170943040400743e-14 0.000000000000000000e+00 0.000000000000000000e+00 0.000000000000000000e+00 1.000000000000000000e+00
9.618565525520614834e-01 -1.241971249752101825e-01 2.437356076993170140e-01 1.857251676967315746e+00 1.110695843460835497e-01 9.915557211796537374e-01 6.693877224064501141e-02 -1.421085471520200372e-14 -2.499910393311159940e-01 -3.731388406195123436e-02 9.675288906851100545e-01 -1.421085471520200372e-14 0.000000000000000000e+00 0.000000000000000000e+00 0.000000000000000000e+00 1.000000000000000000e+00 8.037795995325202059e-01 2.324901238505698298e-01 5.476191173500868370e-01 1.419177199623007368e+00 -4.306432121282893211e-01 8.624533131375862194e-01 2.659336505706446641e-01 7.105427357601001859e-15 -4.104689747388596821e-01 -4.495804988763939525e-01 7.933426723723375762e-01 -7.105427357601001859e-15 0.000000000000000000e+00 0.000000000000000000e+00 0.000000000000000000e+00 1.000000000000000000e+00
9.121042308000525400e-01 3.141468207883089669e-01 2.633963688915290091e-01 1.857251676967315746e+00 -2.062030767218961114e-01 9.068600660659374979e-01 -3.675392655558140653e-01 -1.421085471520200372e-14 -3.543249402837291284e-01 2.809209774357932510e-01 8.919289439913082873e-01 0.000000000000000000e+00 0.000000000000000000e+00 0.000000000000000000e+00 0.000000000000000000e+00 1.000000000000000000e+00 7.379887663514326235e-01 6.272847091820733523e-01 -2.487699225498374023e-01 1.419177199622993157e+00 -5.791885715071477536e-01 7.779749810250965458e-01 2.435067299573260846e-01 0.000000000000000000e+00 3.462848240604834982e-01 -3.562053516389439289e-02 9.374529311384319774e-01 1.421085471520200372e-14 0.000000000000000000e+00 0.000000000000000000e+00 0.000000000000000000e+00 1.000000000000000000e+00
3.992882491277042201e-01 8.778491387432033610e-01 -2.644802142247102972e-01 1.857251676967317966e+00 -9.168028467180856511e-01 3.802788372495995439e-01 -1.219038399301153180e-01 -2.708944180085381959e-14 -6.436952551243215262e-03 2.911509841094631623e-01 9.566554604945001206e-01 -2.842170943040400743e-14 0.000000000000000000e+00 0.000000000000000000e+00 0.000000000000000000e+00 1.000000000000000000e+00 7.038657443964434490e-01 5.344902028571839603e-01 -4.678602749912914582e-01 1.419177199622999597e+00 -6.527759129441542685e-01 7.464302718696881334e-01 -1.293269373196062610e-01 1.421085471520200372e-14 2.801010912959220334e-01 3.964367191447202288e-01 8.742890290794022023e-01 0.000000000000000000e+00 0.000000000000000000e+00 0.000000000000000000e+00 0.000000000000000000e+00 1.000000000000000000e+00
1.082498582256330444e-02 9.898636994283127599e-01 1.416074723877115971e-01 1.857251676967322851e+00 -8.487490203532936928e-01 8.397016522740141653e-02 -5.220863068507040072e-01 -1.421085471520200372e-14 -5.286850859739338215e-01 -1.145376265939629656e-01 8.410548210211723497e-01 -3.552713678800500929e-15 0.000000000000000000e+00 0.000000000000000000e+00 0.000000000000000000e+00 1.000000000000000000e+00 6.060707296340767103e-01 7.784057801793351494e-01 -1.635931296363589693e-01 1.419177199623003816e+00 -7.484140069402124285e-01 4.884205537525697638e-01 -4.486890202442321285e-01 1.421085471520200372e-14 -2.693598798940066152e-01 3.943726715372578018e-01 8.785871903505380054e-01 1.776356839400250465e-15 0.000000000000000000e+00 0.000000000000000000e+00 0.000000000000000000e+00 1.000000000000000000e+00
7.377715459771223561e-01 6.677860648375023578e-01 -9.876698616121613872e-02 1.857251676967322851e+00 -5.899743057271055191e-01 5.667481058765085900e-01 -5.750886045360399379e-01 -2.131628207280300558e-14 -3.280601538260121686e-01 4.825539929316022825e-01 8.121072462288588811e-01 -2.131628207280300558e-14 0.000000000000000000e+00 0.000000000000000000e+00 0.000000000000000000e+00 1.000000000000000000e+00 3.542910455621626209e-01 9.127133491625256667e-01 -2.035490046524301155e-01 1.419177199622993157e+00 -9.309599458428419183e-01 3.647983022232348382e-01 1.535506207536643450e-02 2.842170943040400743e-14 8.826910144984202733e-02 1.840558093502372428e-01 9.789443420203554069e-01 1.243449787580175325e-14 0.000000000000000000e+00 0.000000000000000000e+00 0.000000000000000000e+00 1.000000000000000000e+00
9.620534239329869841e-02 8.872825508317628840e-01 -4.510811535460864108e-01 1.857251676967308640e+00 -8.685338922558348829e-01 2.961976836860600315e-01 3.973862229392739476e-01 -2.131628207280300558e-14 4.862030543897454815e-01 3.535485923723818424e-01 7.991307669797163005e-01 7.105427357601001859e-15 0.000000000000000000e+00 0.000000000000000000e+00 0.000000000000000000e+00 1.000000000000000000e+00 8.558397420323634597e-01 -4.976795402628099718e-01 -1.409021332761705159e-01 1.419177199622996710e+00 4.068596534633041606e-01 8.159453025336135257e-01 -4.107292120814514669e-01 0.000000000000000000e+00 3.193799592048593983e-01 2.941909897959623099e-01 9.008041425199899699e-01 -7.105427357601001859e-15 0.000000000000000000e+00 0.000000000000000000e+00 0.000000000000000000e+00 1.000000000000000000e+00
3.363967189200799401e-01 7.351422449824027705e-01 5.885602153917962598e-01 1.857251676967329956e+00 -9.096202887166994211e-01 4.154394521420772257e-01 9.959713044095932447e-04 -2.131628207280300558e-14 -2.437789528543291007e-01 -5.357013545307903746e-01 8.084527697392861478e-01 7.105427357601001859e-15 0.000000000000000000e+00 0.000000000000000000e+00 0.000000000000000000e+00 1.000000000000000000e+00 3.815033928642888039e-01 9.145147538128206577e-01 1.346028465215807490e-01 1.419177199623000263e+00 -7.873348999829032913e-01 3.977780849312479994e-01 -4.710375254874505924e-01 1.421085471520200372e-14 -4.843128291734052349e-01 7.372489543637848752e-02 8.717830712344367683e-01 -5.329070518200751394e-15 0.000000000000000000e+00 0.000000000000000000e+00 0.000000000000000000e+00 1.000000000000000000e+00
9.228583913831608365e-01 3.784025846708988783e-01 7.172080150185151937e-02 1.857251676967315746e+00 -3.804970977135175292e-01 8.669601904130269654e-01 3.218726252271198462e-01 -1.687538997430237941e-14 5.961835359412960555e-02 -3.243324099645165659e-01 9.440625719523754178e-01 -7.105427357601001859e-15 0.000000000000000000e+00 0.000000000000000000e+00 0.000000000000000000e+00 1.000000000000000000e+00 9.849232424961232857e-01 -1.828534722334587692e-03 -1.729822616677560709e-01 1.419177199623007368e+00 -2.756039616324808608e-02 9.855138835197942981e-01 -1.673404014368860548e-01 8.881784197001252323e-15 1.707824082107043118e-01 1.695849104445987243e-01 9.706051345399167030e-01 -7.105427357601001859e-15 0.000000000000000000e+00 0.000000000000000000e+00 0.000000000000000000e+00 1.000000000000000000e+00
9.907689917923884204e-01 1.213665125705388481e-01 6.039018570230854366e-02 1.857251676967326404e+00 -1.349751637774098401e-01 8.418182814238195366e-01 5.226123670789931674e-01 -1.421085471520200372e-14 1.259007807582899346e-02 -5.259393032348050889e-01 8.504289148699804013e-01 2.131628207280300558e-14 0.000000000000000000e+00 0.000000000000000000e+00 0.000000000000000000e+00 1.000000000000000000e+00 7.616459649165083778e-01 6.349967793985740183e-01 1.291298349717829030e-01 1.419177199622994934e+00 -5.892649220050967251e-01 5.958282034127125870e-01 5.456698669638141430e-01 1.509903313490212895e-14 2.695594105586527345e-01 -4.916989344826955821e-01 8.279914745985332836e-01 -1.421085471520200372e-14 0.000000000000000000e+00 0.000000000000000000e+00 0.000000000000000000e+00 1.000000000000000000e+00
9.125300123242541250e-01 -1.373831208468932197e-01 -3.852464856606283017e-01 1.857251676967322851e+00 6.142815485246215859e-03 9.463976773292587241e-01 -3.229453547640815936e-01 -7.105427357601001859e-15 4.089636199289748419e-01 2.923308304851751638e-01 8.644602033190635915e-01 1.421085471520200372e-14 0.000000000000000000e+00 0.000000000000000000e+00 0.000000000000000000e+00 1.000000000000000000e+00 9.777575222282532952e-01 2.042497258499887669e-01 4.766840899664256948e-02 1.419177199623003816e+00 -2.021325530742505150e-01 9.782907928419919408e-01 -4.571165746581539596e-02 7.105427357601001859e-15 -5.597015913638318796e-02 3.505957972924336058e-02 9.978167001786735213e-01 7.105427357601001859e-15 0.000000000000000000e+00 0.000000000000000000e+00 0.000000000000000000e+00 1.000000000000000000e+00
7.556200420617514846e-01 6.246569881720748230e-01 -1.970837364228448241e-01 1.857251676967337062e+00 -6.501468474863537628e-01 6.786565173208825019e-01 -3.416641745946547570e-01 -1.243449787580175325e-14 -7.967075208728034708e-02 3.863016679043506652e-01 9.189252377838819097e-01 0.000000000000000000e+00 0.000000000000000000e+00 0.000000000000000000e+00 0.000000000000000000e+00 1.000000000000000000e+00 5.176476005684744752e-01 8.494057750889191238e-01 -1.027170427499426580e-01 1.419177199623007368e+00 -8.165877592198772517e-01 5.263106900327406690e-01 2.370263467412856706e-01 0.000000000000000000e+00 2.553926254181215216e-01 -3.881863988926978482e-02 9.660578243972698376e-01 -7.105427357601001859e-15 0.000000000000000000e+00 0.000000000000000000e+00 0.000000000000000000e+00 1.000000000000000000e+00
3.147876420572036649e-01 9.168808953827238817e-01 -2.454346432153383106e-01 1.857251676967322851e+00 -8.189669841084716850e-01 3.930814060863557780e-01 4.180670844845930656e-01 -1.254552017826426891e-14 4.797935174096668032e-01 6.940051780316956742e-02 8.746323506367185141e-01 0.000000000000000000e+00 0.000000000000000000e+00 0.000000000000000000e+00 0.000000000000000000e+00 1.000000000000000000e+00 6.856418345184209784e-01 4.391842332449313324e-01 -5.805277633561345407e-01 1.419177199623010921e+00 -6.245925478790591567e-01 7.645315411602139344e-01 -1.592974315710500022e-01 7.105427357601001859e-15 3.738708652625389872e-01 4.718142980455868329e-01 7.985060076590473344e-01 3.552713678800500929e-15 0.000000000000000000e+00 0.000000000000000000e+00 0.000000000000000000e+00 1.000000000000000000e+00
8.961618403793037979e-01 -3.916380684932579091e-03 -4.437100605241105500e-01 1.857251676967337062e+00 5.257209083265389042e-03 9.999845756848360079e-01 1.791687772272437980e-03 -3.552713678800500929e-14 4.436961996689108290e-01 -3.938318771908352021e-03 8.961686069287502221e-01 0.000000000000000000e+00 0.000000000000000000e+00 0.000000000000000000e+00 0.000000000000000000e+00 1.000000000000000000e+00 2.631020930194268859e-01 9.326229834564880861e-01 2.469648950306825297e-01 1.419177199623000263e+00 -9.476680931890175685e-01 2.978100323383195969e-01 -1.150407310048956189e-01 2.131628207280300558e-14 -1.808382531443183394e-01 -2.037732940484798527e-01 9.621714872268577468e-01 -7.105427357601001859e-15 0.000000000000000000e+00 0.000000000000000000e+00 0.000000000000000000e+00 1.000000000000000000e+00
6.414956032171602596e-01 7.598409880301344455e-01 1.054754187592580050e-01 1.857251676967321075e+00 -6.713563557262848258e-01 6.226024790034930811e-01 -4.020532262830718295e-01 -7.105427357601001859e-15 -3.711657778930780305e-01 1.871037841629452914e-01 9.095208294882158873e-01 1.065814103640150279e-14 0.000000000000000000e+00 0.000000000000000000e+00 0.000000000000000000e+00 1.000000000000000000e+00 8.649865546778410241e-01 -6.888773289497865382e-02 4.970440025622966940e-01 1.419177199623014474e+00 -1.198801792097032443e-01 9.334804754525465320e-01 3.379984387264785561e-01 0.000000000000000000e+00 -4.872648179985989425e-01 -3.519498291027823300e-01 7.991897865559309810e-01 -5.329070518200751394e-15 0.000000000000000000e+00 0.000000000000000000e+00 0.000000000000000000e+00 1.000000000000000000e+00
7.393705474026397440e-01 6.689801176615411960e-01 -7.613669159525723873e-02 1.857251676967326404e+00 -6.452145207591025722e-01 6.716672318455001456e-01 -3.640897579809197482e-01 -2.131628207280300558e-14 -1.924302882477768040e-01 3.183217426418648022e-01 9.282466548963825836e-01 1.421085471520200372e-14 0.000000000000000000e+00 0.000000000000000000e+00 0.000000000000000000e+00 1.000000000000000000e+00 8.585739879484888259e-02 9.578284308298983252e-01 -2.742137928079424469e-01 1.419177199623005592e+00 -9.799971329170003020e-01 1.307877636522073450e-01 1.500006011765085967e-01 1.065814103640150279e-14 1.795386491723771905e-01 2.558500693234012635e-01 9.498982132210633811e-01 -7.105427357601001859e-15 0.000000000000000000e+00 0.000000000000000000e+00 0.000000000000000000e+00 1.000000000000000000e+00
5.119526447903632871e-02 9.855979815350955908e-01 -1.611696736016637321e-01 1.857251676967315746e+00 -8.820025268894075010e-01 -3.107824139296222477e-02 -4.702187634204112454e-01 -7.105427357601001859e-15 -4.684555341285033814e-01 1.662250333309218397e-01 8.677088514233979311e-01 -3.552713678800500929e-15 0.000000000000000000e+00 0.000000000000000000e+00 0.000000000000000000e+00 1.000000000000000000e+00 3.228875555681214315e-01 9.231277924564355031e-01 -2.087551322812240817e-01 1.419177199623010921e+00 -9.314626142260168384e-01 2.708709795792766384e-01 -2.429121460960683432e-01 -1.421085471520200372e-14 -1.676932460133021274e-01 2.728809103185327878e-01 9.473198952968585607e-01 5.329070518200751394e-15 0.000000000000000000e+00 0.000000000000000000e+00 0.000000000000000000e+00 1.000000000000000000e+00
4.670886572497902067e-01 7.831135843001245656e-01 -4.105621759894593215e-01 1.857251676967308640e+00 -8.802001675023642946e-01 4.559804597514806046e-01 -1.316415035375947673e-01 -1.421085471520200372e-14 8.411808008625863697e-02 4.228651492017758140e-01 9.022800087518073608e-01 7.105427357601001859e-15 0.000000000000000000e+00 0.000000000000000000e+00 0.000000000000000000e+00 1.000000000000000000e+00 9.292133192247510332e-01 -3.016165112489113675e-01 -2.135183540526581769e-01 1.419177199622993157e+00 2.750598003677142134e-01 9.503616951599465068e-01 -1.454467414361222399e-01 2.842170943040400743e-14 2.467888036297314902e-01 7.642073353971620686e-02 9.660513225953668570e-01 0.000000000000000000e+00 0.000000000000000000e+00 0.000000000000000000e+00 0.000000000000000000e+00 1.000000000000000000e+00
7.045212068567774377e-01 5.479416832932888504e-01 -4.510097347051245098e-01 1.857251676967329956e+00 -6.741486570420526236e-01 7.152941846651388325e-01 -1.840592773881045419e-01 -1.421085471520200372e-14 2.217508901841581670e-01 4.337212712030059647e-01 8.733340721674507368e-01 7.105427357601001859e-15 0.000000000000000000e+00 0.000000000000000000e+00 0.000000000000000000e+00 1.000000000000000000e+00 9.693151315941805901e-01 -1.661157903912586498e-01 -1.812007721982549502e-01 1.419177199623000263e+00 2.257472286558206975e-01 8.932830408871392791e-01 3.886947357729998442e-01 7.105427357601001859e-15 9.729524354650168072e-02 -4.176732611098212811e-01 9.033729476451649587e-01 -7.105427357601001859e-15 0.000000000000000000e+00 0.000000000000000000e+00 0.000000000000000000e+00 1.000000000000000000e+00
2.879010773967385362e-01 9.574121543209622720e-01 -2.179303540792393301e-02 1.857251676967294429e+00 -9.354052124634207876e-01 2.762603294099457152e-01 -2.206746901902684188e-01 -7.105427357601001859e-15 -2.052560793985401255e-01 8.391779997594168983e-02 9.751039661067624209e-01 0.000000000000000000e+00 0.000000000000000000e+00 0.000000000000000000e+00 0.000000000000000000e+00 1.000000000000000000e+00 5.949542062853436786e-01 7.501236898533620856e-01 2.886935093557764231e-01 1.419177199623000263e+00 -7.493657813764840192e-01 6.475619914442477532e-01 -1.382548116297277196e-01 1.421085471520200372e-14 -2.906551532751280309e-01 -1.340817554984163051e-01 9.473867556162449688e-01 7.105427357601001859e-15 0.000000000000000000e+00 0.000000000000000000e+00 0.000000000000000000e+00 1.000000000000000000e+00
9.672497262014246866e-01 -8.322382408743146665e-02 -2.397952507193025495e-01 1.857251676967326404e+00 1.203361245661318212e-02 9.586934344508136752e-01 -2.841867183950501641e-01 -7.105427357601001859e-15 2.535412379367761870e-01 2.719939224416011436e-01 9.282974452298785595e-01 1.421085471520200372e-14 0.000000000000000000e+00 0.000000000000000000e+00 0.000000000000000000e+00 1.000000000000000000e+00 9.976714791718743758e-01 6.545289802560397274e-02 1.917127505029733725e-02 1.419177199623007368e+00 -6.534468992418324129e-02 8.368037200622022720e-01 5.435895561807378984e-01 1.421085471520200372e-14 1.953691750805668093e-02 -5.435765376008324656e-01 8.391322044971066818e-01 -1.065814103640150279e-14 0.000000000000000000e+00 0.000000000000000000e+00 0.000000000000000000e+00 1.000000000000000000e+00
-3.656092581959891064e-02 8.833427151667870847e-01 4.672996322114775225e-01 1.857251676967318410e+00 -9.430514314487020711e-01 1.242134643147926321e-01 -3.085855034272860786e-01 -7.105427357601001859e-15 -3.306316626485848453e-01 -4.519697587722945609e-01 8.284962527432132573e-01 -7.105427357601001859e-15 0.000000000000000000e+00 0.000000000000000000e+00 0.000000000000000000e+00 1.000000000000000000e+00 9.058278961609947944e-01 -6.554886903611651869e-03 -4.235951557728522276e-01 1.419177199622986052e+00 1.780528271863114631e-01 9.131731540062494323e-01 3.666223963879460812e-01 5.329070518200751394e-15 3.844125560742098768e-01 -4.075191090733777388e-01 8.283448330692555484e-01 7.105427357601001859e-15 0.000000000000000000e+00 0.000000000000000000e+00 0.000000000000000000e+00 1.000000000000000000e+00
-2.340467663290657363e-02 9.976769925941738615e-01 6.397530429747146086e-02 1.857251676967308640e+00 -9.893372802012344591e-01 -1.391252182895907907e-02 -1.449765075465087316e-01 -1.598721155460225418e-14 -1.437496682282544957e-01 -6.668628183220091932e-02 9.873646604470219801e-01 0.000000000000000000e+00 0.000000000000000000e+00 0.000000000000000000e+00 0.000000000000000000e+00 1.000000000000000000e+00 8.447146196746052604e-01 6.252375365561092802e-02 5.315524353596730034e-01 1.419177199623007368e+00 2.154972252997672255e-01 8.693614984352420194e-01 -4.447151120959710879e-01 1.421085471520200372e-14 -4.899164798168033630e-01 4.902054316990411276e-01 7.208886720823600713e-01 0.000000000000000000e+00 0.000000000000000000e+00 0.000000000000000000e+00 0.000000000000000000e+00 1.000000000000000000e+00
