1.000000000000000000e+00 0.000000000000000000e+00 0.000000000000000000e+00 1.110000000000001563e+01 0.000000000000000000e+00 1.000000000000000000e+00 0.000000000000000000e+00 1.421085471520200372e-14 0.000000000000000000e+00 0.000000000000000000e+00 1.000000000000000000e+00 0.000000000000000000e+00 0.000000000000000000e+00 0.000000000000000000e+00 0.000000000000000000e+00 1.000000000000000000e+00 9.201958286256939346e-01 3.316848316548898223e-01 -2.079057705546915324e-01 1.540080676525156456e+00 -3.373421066816377767e-01 9.413419539755046861e-01 8.696478895124249570e-03 -4.557088464815421958e-01 1.985949144350558637e-01 6.213290702716413316e-02 9.781101992234242370e-01 9.963684965941181915e-01 0.000000000000000000e+00 0.000000000000000000e+00 0.000000000000000000e+00 1.000000000000000000e+00 3.934171428145766258e-01 -1.130314435170671761e-01 -9.123852500539796351e-01 9.686030412112867083e-01 -4.972909411420591841e-01 8.085363527785954796e-01 -3.145960681469678888e-01 -6.054566356534536453e-01 7.732558901150768937e-01 5.774884059545565274e-01 2.618825488466257623e-01 1.089603061098338266e+00 0.000000000000000000e+00 0.000000000000000000e+00 0.000000000000000000e+00 1.000000000000000000e+00 9.706891908033734584e-01 2.029025064489248242e-01 -1.288140820494255157e-01 1.745517417333061871e+00 -2.109432122909928875e-01 9.761115309259622563e-01 -5.205036389624344284e-02 -1.421085471520200372e-14 1.151757615379608440e-01 7.769718186728701015e-02 9.903018185805944062e-01 -1.243449787580175325e-14 0.000000000000000000e+00 0.000000000000000000e+00 0.000000000000000000e+00 1.000000000000000000e+00 1.000000000000000000e+00 0.000000000000000000e+00 0.000000000000000000e+00 1.764339056983509124e+00 0.000000000000000000e+00 1.000000000000000000e+00 0.000000000000000000e+00 1.421085471520200372e-14 0.000000000000000000e+00 0.000000000000000000e+00 1.000000000000000000e+00 3.197442310920450836e-14 0.000000000000000000e+00 0.000000000000000000e+00 0.000000000000000000e+00 1.000000000000000000e+00
4.735181553939289412e-01 -7.746312129490572351e-01 -4.191980921204236932e-01 1.109999999999997300e+01 4.239068547537493403e-01 6.176202843163789424e-01 -6.624561592239435193e-01 0.000000000000000000e+00 7.720644629855168972e-01 1.359840737955274048e-01 6.208258988386824440e-01 0.000000000000000000e+00 0.000000000000000000e+00 0.000000000000000000e+00 0.000000000000000000e+00 1.000000000000000000e+00 7.224055982619852490e-01 3.935094443537289211e-01 -5.685775838037960828e-01 1.540080676525139580e+00 -5.647085912724125745e-01 8.102770075390841598e-01 -1.567015570970316796e-01 -4.557088464854786025e-01 3.990418004957256848e-01 4.342827284821795253e-01 8.075668103625872618e-01 9.963684965491310663e-01 0.000000000000000000e+00 0.000000000000000000e+00 0.000000000000000000e+00 1.000000000000000000e+00 3.680113833879453678e-01 -6.706508664698276334e-01 -6.440458345491880676e-01 9.686030412112645038e-01 -6.120679543210958418e-01 3.466957672262656054e-01 -7.107565436072889042e-01 -6.054566356573047869e-01 6.999574565572393992e-01 6.557663153064974271e-01 -2.828959149921748129e-01 1.089603061053466604e+00 0.000000000000000000e+00 0.000000000000000000e+00 0.000000000000000000e+00 1.000000000000000000e+00 9.642928586184491557e-01 -1.993572157136052625e-01 1.743444388570475345e-01 1.745517417333076082e+00 2.191393824761045384e-01 9.702884320586864231e-01 -1.025587132382591998e-01 -4.263256414560601115e-14 -1.487185726984067702e-01 1.371023674340270948e-01 9.793292229779185787e-01 7.105427357601001859e-15 0.000000000000000000e+00 0.000000000000000000e+00 0.000000000000000000e+00 1.000000000000000000e+00 1.081404693911915960e-01 9.121440695146170174e-01 3.953464750433048902e-01 1.764339056983516230e+00 -9.644523608763979627e-01 -1.936380433260609379e-04 2.642567049371700172e-01 -3.552713678800500929e-15 2.411167403557767930e-01 -4.098696853313525956e-01 8.796985611938801242e-01 2.842170943040400743e-14 0.000000000000000000e+00 0.000000000000000000e+00 0.000000000000000000e+00 1.000000000000000000e+00
8.382204357869063038e-01 3.497062153415054775e-01 4.184400363023709768e-01 1.110000000000004405e+01 -4.641059410130695673e-01 5.456372510477791593e-02 8.840975485878599383e-01 -2.287059430727822473e-14 2.863427605957274413e-01 -9.352691392611063304e-01 2.080371615846725586e-01 -7.815970093361102045e-14 0.000000000000000000e+00 0.000000000000000000e+00 0.000000000000000000e+00 1.000000000000000000e+00 7.572913930210481981e-01 1.661527972847793300e-01 -6.315876772156684416e-01 1.540080676525143133e+00 -5.053189959017471145e-01 7.617209412988891204e-01 -4.055045252122157495e-01 -4.557088464854786025e-01 4.137178488258520526e-01 6.262383376488358522e-01 6.608048774197510244e-01 9.963684965491195200e-01 0.000000000000000000e+00 0.000000000000000000e+00 0.000000000000000000e+00 1.000000000000000000e+00 1.598708082406339326e-01 -6.609389789883726163e-01 -7.332127867995033021e-01 9.686030412112671684e-01 -2.019462369053848586e-02 7.404210083577078549e-01 -6.718399419181272370e-01 -6.054566356572976815e-01 9.869313561978280136e-01 1.222145508372986800e-01 1.050242910814129793e-01 1.089603061053462163e+00 0.000000000000000000e+00 0.000000000000000000e+00 0.000000000000000000e+00 1.000000000000000000e+00 5.664881312542551228e-01 4.072915904331770309e-01 -7.163831080577451882e-01 1.745517417333076970e+00 -6.316949896834685996e-01 7.728833855084156212e-01 -6.010584342518086876e-02 -4.263256414560601115e-14 5.291999973137417879e-01 4.865848669733400245e-01 6.951133217509736228e-01 -7.105427357601001859e-15 0.000000000000000000e+00 0.000000000000000000e+00 0.000000000000000000e+00 1.000000000000000000e+00 7.125823185869406551e-01 6.006764694681553385e-01 -3.625109905430899393e-01 1.764339056983509124e+00 -6.884658546907401755e-01 6.981456818163955802e-01 -1.964875921936777847e-01 5.384581669432009221e-15 1.350600094854454147e-01 3.895900229579714047e-01 9.110315076051973548e-01 4.263256414560601115e-14 0.000000000000000000e+00 0.000000000000000000e+00 0.000000000000000000e+00 1.000000000000000000e+00
6.003353647567828411e-01 6.104438229298743135e-01 5.166776450255040620e-01 1.110000000000007248e+01 2.442190329181459507e-02 6.317559215762396096e-01 -7.747825670424970390e-01 7.105427357601001859e-15 -7.993753939557720622e-01 4.777476264725095123e-01 3.643572216080503967e-01 5.684341886080801487e-14 0.000000000000000000e+00 0.000000000000000000e+00 0.000000000000000000e+00 1.000000000000000000e+00 7.648603321446540981e-01 5.489539576257885800e-01 -3.371026916513027438e-01 1.540080676525169778e+00 -5.835763499985556768e-01 8.120564985092546539e-01 -1.699103072890936327e-03 -4.557088464854999188e-01 2.728137020641241972e-01 1.980247349092351672e-01 9.414663500785327432e-01 9.963684965491381718e-01 0.000000000000000000e+00 0.000000000000000000e+00 0.000000000000000000e+00 1.000000000000000000e+00 7.541993088734157968e-01 2.792439272689092311e-01 -5.943115610336872079e-01 9.686030412113062482e-01 -5.314373142825327134e-01 7.911818087837529934e-01 -3.026643792021741497e-01 -6.054566356573189978e-01 3.856913059469069815e-01 5.441086054576833586e-01 7.451094161154214746e-01 1.089603061053480815e+00 0.000000000000000000e+00 0.000000000000000000e+00 0.000000000000000000e+00 1.000000000000000000e+00 8.845019507374163314e-01 -4.124542696215411919e-01 -2.180315908593663254e-01 1.745517417333055210e+00 4.509450001873196445e-01 8.756442310009244778e-01 1.729039835309121864e-01 -1.421085471520200372e-14 1.196031184700606376e-01 -2.512541665042804517e-01 9.605032211640291973e-01 2.131628207280300558e-14 0.000000000000000000e+00 0.000000000000000000e+00 0.000000000000000000e+00 1.000000000000000000e+00 9.494752337706919842e-01 -3.078650574897895953e-01 6.095807438640390985e-02 1.764339056983502019e+00 3.052789116498590416e-01 9.510425049118750307e-01 4.819688737692261193e-02 0.000000000000000000e+00 -7.281185726217517806e-02 -2.715253630427078013e-02 9.969760143625712168e-01 1.421085471520200372e-14 0.000000000000000000e+00 0.000000000000000000e+00 0.000000000000000000e+00 1.000000000000000000e+00
4.665183649270598920e-04 -9.975702431577173623e-01 6.966629261606969992e-02 1.109999999999996589e+01 3.001326027995542683e-02 6.964888328520901783e-02 9.971199713497322925e-01 -2.131628207280300558e-14 -9.995493917600984934e-01 1.625737794355541343e-03 2.997282783858024047e-02 2.486899575160350651e-14 0.000000000000000000e+00 0.000000000000000000e+00 0.000000000000000000e+00 1.000000000000000000e+00 8.909207227533468831e-01 1.693238203688660903e-01 -4.214139409468390385e-01 1.540080676525132475e+00 -4.217231016925684917e-01 6.528109736577945021e-01 -6.292753436857048133e-01 -4.557088464854643917e-01 1.685523398456796329e-01 7.383544382799187566e-01 6.530105911889119152e-01 9.963684965491097500e-01 0.000000000000000000e+00 0.000000000000000000e+00 0.000000000000000000e+00 1.000000000000000000e+00 -4.989079809307339630e-02 -8.347952605412589655e-01 -5.482953412564146589e-01 9.686030412112600629e-01 1.112504785414336061e-01 5.409176346522679424e-01 -8.336854583993280610e-01 -6.054566356572870234e-01 9.925392885372037455e-01 -1.025913519749469538e-01 6.588455972391649151e-02 1.089603061053452393e+00 0.000000000000000000e+00 0.000000000000000000e+00 0.000000000000000000e+00 1.000000000000000000e+00 6.182954313565858229e-01 7.755259534056424542e-01 -1.275549103635096604e-01 1.745517417333083188e+00 -6.262128954499200928e-01 3.880306915804468959e-01 -6.762319069400877236e-01 -4.263256414560601115e-14 -4.749401742701926388e-01 4.979876283461965869e-01 7.255619566090337758e-01 -1.332267629550187849e-14 0.000000000000000000e+00 0.000000000000000000e+00 0.000000000000000000e+00 1.000000000000000000e+00 7.634470733980402990e-02 9.970191828083937446e-01 1.114606537225010414e-02 1.764339056983505571e+00 -9.125723717008057401e-01 7.437353970159010785e-02 -4.020948184205096476e-01 1.421085471520200372e-14 -4.017252196085855376e-01 2.052621992327902448e-02 9.155301864089981922e-01 2.842170943040400743e-14 0.000000000000000000e+00 0.000000000000000000e+00 0.000000000000000000e+00 1.000000000000000000e+00
1.453836367959804310e-01 -8.959917302779500936e-01 4.195979235238179172e-01 1.109999999999997300e+01 2.285547149944416878e-02 4.270321965125425390e-01 9.039475264439917890e-01 -7.105427357601001859e-15 -9.891113312335031438e-01 -1.218290704848336570e-01 8.256180721307471160e-02 2.131628207280300558e-14 0.000000000000000000e+00 0.000000000000000000e+00 0.000000000000000000e+00 1.000000000000000000e+00 7.453848865514215438e-01 6.506576680676985358e-01 1.450722919286412393e-01 1.540080676525157344e+00 -6.665121983932784655e-01 7.232215478017394172e-01 1.808648174416886689e-01 -4.557088464854857079e-01 1.276167284032151718e-02 -2.315063536492268370e-01 9.727496841049888543e-01 9.963684965491239609e-01 0.000000000000000000e+00 0.000000000000000000e+00 0.000000000000000000e+00 1.000000000000000000e+00 6.128780729370317815e-01 -1.862921090225316267e-01 -7.679034560600229709e-01 9.686030412112742738e-01 3.137874413902543291e-01 9.492795065003816202e-01 2.014597141241093736e-02 -6.054566356573118924e-01 7.252019783058704094e-01 -2.533054848484911359e-01 6.402487188639449656e-01 1.089603061053484367e+00 0.000000000000000000e+00 0.000000000000000000e+00 0.000000000000000000e+00 1.000000000000000000e+00 7.855683382199089015e-01 -4.885622420645052144e-01 3.797226904140897918e-01 1.745517417333072530e+00 4.729853321244694153e-01 8.697830499466185916e-01 1.405785247492064571e-01 -4.263256414560601115e-14 -3.989577190398955198e-01 6.916922476406490994e-02 9.143567994847645597e-01 0.000000000000000000e+00 0.000000000000000000e+00 0.000000000000000000e+00 0.000000000000000000e+00 1.000000000000000000e+00 9.546270938675085471e-01 4.741584299513361411e-02 2.940048460266186936e-01 1.764339056983521559e+00 7.874483798531507761e-02 9.119153793219846316e-01 -4.027525188583024884e-01 2.842170943040400743e-14 -2.872043908869454931e-01 4.076298305927838483e-01 8.668053755406440741e-01 2.131628207280300558e-14 0.000000000000000000e+00 0.000000000000000000e+00 0.000000000000000000e+00 1.000000000000000000e+00
1.419795991078420805e-02 9.372670095077905161e-01 -3.483230839647223909e-01 1.110000000000010445e+01 -7.133460424822890555e-02 -3.465210943702130564e-01 -9.353258819220275910e-01 -5.684341886080801487e-14 -9.973513885141587210e-01 3.812720872019387253e-02 6.193967859204985160e-02 1.421085471520200372e-14 0.000000000000000000e+00 0.000000000000000000e+00 0.000000000000000000e+00 1.000000000000000000e+00 8.943762998953418419e-01 2.774467773580140406e-01 -3.508765023753658285e-01 1.540080676525136028e+00 -4.384645303818123785e-01 6.990273182540396313e-01 -5.648979234619494472e-01 -4.557088464855070242e-01 8.854315209305720080e-02 6.590782154404880577e-01 7.468440373660403253e-01 9.963684965491115264e-01 0.000000000000000000e+00 0.000000000000000000e+00 0.000000000000000000e+00 1.000000000000000000e+00 7.532992594387453167e-01 -2.860131658114226649e-01 -5.922302716946893364e-01 9.686030412112955901e-01 -3.055287867331942797e-01 6.452324676733154352e-01 -7.002336918040621416e-01 -6.054566356573403141e-01 5.824022546371022679e-01 7.084289178476070870e-01 3.986678845240588798e-01 1.089603061053451949e+00 0.000000000000000000e+00 0.000000000000000000e+00 0.000000000000000000e+00 1.000000000000000000e+00 7.524300528201087745e-01 6.363128353309633889e-01 -1.701616619753068549e-01 1.745517417333047661e+00 -6.558208166832545372e-01 6.997294404130454115e-01 -2.833333136504695982e-01 -2.486899575160350651e-14 -6.122149963891217878e-02 3.247840602805449062e-01 9.438046631425626165e-01 -1.421085471520200372e-14 0.000000000000000000e+00 0.000000000000000000e+00 0.000000000000000000e+00 1.000000000000000000e+00 6.517839557510285431e-02 8.577874636964598620e-01 5.098553166099670797e-01 1.764339056983530440e+00 -8.644167401346515289e-01 3.037993312301132676e-01 -4.006116145584377453e-01 1.332267629550187849e-14 -4.985333249896517493e-01 -4.146162484386379798e-01 7.612869960832326921e-01 2.842170943040400743e-14 0.000000000000000000e+00 0.000000000000000000e+00 0.000000000000000000e+00 1.000000000000000000e+00
8.727236908713315033e-01 2.655637431931247017e-01 4.096696934033279280e-01 1.110000000000003340e+01 -4.707883716669258312e-01 6.799617681220162524e-01 5.621479369308278740e-01 2.842170943040400743e-14 -1.292736187128879499e-01 -6.834675502126180691e-01 7.184430661585072819e-01 -4.973799150320701301e-14 0.000000000000000000e+00 0.000000000000000000e+00 0.000000000000000000e+00 1.000000000000000000e+00 7.660619540521960147e-01 5.859552977532810347e-01 -2.642072512036618415e-01 1.540080676525128922e+00 -6.401938969161442561e-01 6.588165984471698877e-01 -3.951106983641695103e-01 -4.557088464854786025e-01 -5.745308438241025772e-02 4.718231433973584243e-01 8.798193362557925612e-01 9.963684965491159673e-01 0.000000000000000000e+00 0.000000000000000000e+00 0.000000000000000000e+00 1.000000000000000000e+00 7.506209131723285966e-01 -5.689837989087497272e-01 -3.358953427597754504e-01 9.686030412112671684e-01 -8.566981820800172176e-02 4.202662789717875880e-01 -9.033476279967836975e-01 -6.054566356573118924e-01 6.551556509384219851e-01 7.068477143901472637e-01 2.667159194815289514e-01 1.089603061053460387e+00 0.000000000000000000e+00 0.000000000000000000e+00 0.000000000000000000e+00 1.000000000000000000e+00 9.330047943775154895e-01 2.265093817449474745e-01 -2.796346789117754028e-01 1.745517417333076082e+00 -2.493301473178727024e-01 9.672064179597696931e-01 -4.843782298864367925e-02 -2.842170943040400743e-14 2.594928347893598053e-01 1.149140767658729800e-01 9.588838426285162253e-01 -2.131628207280300558e-14 0.000000000000000000e+00 0.000000000000000000e+00 0.000000000000000000e+00 1.000000000000000000e+00 6.932837974895981192e-01 7.203291488751787375e-01 -2.198848378498640885e-02 1.764339056983530440e+00 -7.032945355191125847e-01 6.696000726207510523e-01 -2.387729864436942684e-01 0.000000000000000000e+00 -1.572716517601237818e-01 1.810018232699482643e-01 9.708264353248714507e-01 3.197442310920450836e-14 0.000000000000000000e+00 0.000000000000000000e+00 0.000000000000000000e+00 1.000000000000000000e+00
3.438596722872572231e-01 9.021627351187357924e-01 -2.605051345704755272e-01 1.110000000000009379e+01 -4.009661860997663640e-01 -1.097924607314044732e-01 -9.094898202680171684e-01 -4.263256414560601115e-14 -8.491093235733000455e-01 4.171906218140868372e-01 3.239835515751809947e-01 3.552713678800500929e-14 0.000000000000000000e+00 0.000000000000000000e+00 0.000000000000000000e+00 1.000000000000000000e+00 9.549588700578414135e-01 2.747663244839482211e-01 -1.120581252182651782e-01 1.540080676525171555e+00 -2.804651570985827735e-01 9.590948266784685705e-01 -3.842406917890882345e-02 -4.557088464854630594e-01 9.691672792412044102e-02 6.812180537962850280e-02 9.929584923249823447e-01 9.963684965491097500e-01 0.000000000000000000e+00 0.000000000000000000e+00 0.000000000000000000e+00 1.000000000000000000e+00 3.424825964975907189e-01 -5.689046032312239376e-01 -7.476986181066486159e-01 9.686030412112902610e-01 -7.769718465347573710e-01 2.759324011185723124e-01 -5.658410198150259918e-01 -6.054566356572927965e-01 5.282238358770244835e-01 7.747314776329039532e-01 -3.475208148817843234e-01 1.089603061053438182e+00 0.000000000000000000e+00 0.000000000000000000e+00 0.000000000000000000e+00 1.000000000000000000e+00 9.361072222527210274e-01 3.506005895441834386e-01 2.797311311895312597e-02 1.745517417333076082e+00 -3.501763275726444413e-01 9.216294273172175311e-01 1.672594939328517771e-01 -2.131628207280300558e-14 3.286043295561909272e-02 -1.663683422836468861e-01 9.855159900436727405e-01 -1.598721155460225418e-14 0.000000000000000000e+00 0.000000000000000000e+00 0.000000000000000000e+00 1.000000000000000000e+00 8.037983620851032462e-01 5.561646199778512711e-01 -2.111613330943843680e-01 1.764339056983507348e+00 -3.376734114666086195e-01 7.187672824001718475e-01 6.077419361370203221e-01 1.421085471520200372e-14 4.897804204924975924e-01 -4.171984051215486544e-01 7.655459688785699601e-01 2.686739719592878828e-14 0.000000000000000000e+00 0.000000000000000000e+00 0.000000000000000000e+00 1.000000000000000000e+00
4.609961861518518944e-02 9.800344680022186061e-01 1.934095827283199565e-01 1.110000000000009024e+01 -9.898457856527478338e-01 7.087740563612565659e-02 -1.232140982022213310e-01 1.421085471520200372e-14 -1.344624326309360463e-01 -1.857655374333475884e-01 9.733504093146879699e-01 -7.105427357601001859e-15 0.000000000000000000e+00 0.000000000000000000e+00 0.000000000000000000e+00 1.000000000000000000e+00 9.818658532094373115e-01 6.092124390209288642e-02 -1.795217210889128168e-01 1.540080676525164449e+00 -1.365510992352597930e-01 8.841480642721010197e-01 -4.468064432632311567e-01 -4.557088464854501808e-01 1.315037778884923514e-01 4.632178779854232431e-01 8.764336563116089662e-01 9.963684965491115264e-01 0.000000000000000000e+00 0.000000000000000000e+00 0.000000000000000000e+00 1.000000000000000000e+00 -1.291981834475006696e-01 2.597277545225289974e-01 -9.570001687170961446e-01 9.686030412112813792e-01 -2.834144442558801935e-01 9.151595968698648109e-01 2.866342007578948636e-01 -6.054566356572834707e-01 9.502547459397381324e-01 3.082602890215856983e-01 -4.462636027430311181e-02 1.089603061053457722e+00 0.000000000000000000e+00 0.000000000000000000e+00 0.000000000000000000e+00 1.000000000000000000e+00 -7.560626191947439345e-02 9.969565346502786696e-01 -1.900950227312639754e-02 1.745517417333072530e+00 -8.941096063606406297e-01 -5.934259001064634553e-02 4.438991651540347139e-01 -2.664535259100375697e-14 4.414201003264175416e-01 5.055813514100866712e-02 8.958750861581535885e-01 -2.842170943040400743e-14 0.000000000000000000e+00 0.000000000000000000e+00 0.000000000000000000e+00 1.000000000000000000e+00 8.570488014714841007e-01 -1.299354419287745144e-01 4.985821224503207416e-01 1.764339056983523335e+00 2.158069515834245417e-02 9.758823064830186578e-01 2.172279850522632338e-01 1.421085471520200372e-14 -5.147830858650809249e-01 -1.754152354391079471e-01 8.391828583110281237e-01 4.263256414560601115e-14 0.000000000000000000e+00 0.000000000000000000e+00 0.000000000000000000e+00 1.000000000000000000e+00
1.590997602718524639e-03 -5.857857526355930711e-01 8.104643858528145506e-01 1.110000000000000142e+01 -1.956413801357248516e-03 8.104620372019132324e-01 5.857878956581148433e-01 2.131628207280300558e-14 -9.999968205807786559e-01 -2.517590847684547661e-03 1.434038271879156667e-04 3.552713678800500929e-14 0.000000000000000000e+00 0.000000000000000000e+00 0.000000000000000000e+00 1.000000000000000000e+00 9.027846528413544513e-01 1.611285053789539012e-01 -3.987699529157876510e-01 1.540080676525171555e+00 -3.820129085363286880e-01 7.263841687692852433e-01 -5.713424341609584234e-01 -4.557088464854643917e-01 1.976006283029728694e-01 6.681344506277900885e-01 7.173216486197606656e-01 9.963684965490955392e-01 0.000000000000000000e+00 0.000000000000000000e+00 0.000000000000000000e+00 1.000000000000000000e+00 3.662500687008249933e-01 -1.603805009288890304e-01 -9.165909568059459334e-01 9.686030412113098009e-01 -8.525586134328133614e-01 3.368403802729256213e-01 -3.996027638531913229e-01 -6.054566356572905761e-01 3.728333378845828938e-01 9.278020549338038547e-01 -1.336596507742271456e-02 1.089603061053452393e+00 0.000000000000000000e+00 0.000000000000000000e+00 0.000000000000000000e+00 1.000000000000000000e+00 9.926988204494806567e-01 4.812424738105425259e-02 1.106033846327354742e-01 1.745517417333076082e+00 -8.284106252202125265e-02 9.385075966459394126e-01 3.351728649489473244e-01 -1.421085471520200372e-14 -8.767217482435515907e-02 -3.418882095830006462e-01 9.356420479594201867e-01 7.105427357601001859e-15 0.000000000000000000e+00 0.000000000000000000e+00 0.000000000000000000e+00 1.000000000000000000e+00 8.807065343269843138e-01 -3.214728312764397744e-01 3.478666686316211343e-01 1.764339056983505571e+00 4.276794184377538666e-01 8.553635837586536228e-01 -2.923071238001178074e-01 0.000000000000000000e+00 -2.035836816606307331e-01 4.062122084953410650e-01 8.908116109654389270e-01 0.000000000000000000e+00 0.000000000000000000e+00 0.000000000000000000e+00 0.000000000000000000e+00 1.000000000000000000e+00
6.348451666639290947e-01 -6.903227580950445086e-01 -3.470246446860779654e-01 1.109999999999997300e+01 -5.629105613572420175e-02 4.066238893427249756e-01 -9.118598190593331099e-01 -1.776356839400250465e-14 7.705860960091173162e-01 5.984241825593663577e-01 2.192842136716213197e-01 2.131628207280300558e-14 0.000000000000000000e+00 0.000000000000000000e+00 0.000000000000000000e+00 1.000000000000000000e+00 9.254026055405366602e-01 3.186891668057768023e-01 -2.051029805230182579e-01 1.540080676525150238e+00 -1.746750343670962491e-01 8.389398714512588118e-01 5.154304263993338964e-01 -4.557088464854501808e-01 3.363311612498009473e-01 -4.411542893931613141e-01 8.320241840970581393e-01 9.963684965491168555e-01 0.000000000000000000e+00 0.000000000000000000e+00 0.000000000000000000e+00 1.000000000000000000e+00 -3.976745702610433586e-01 -7.249438868673118153e-01 -5.624155910547009585e-01 9.686030412112529575e-01 1.036943739052468005e-01 5.735322079933646844e-01 -8.125935535153195888e-01 -6.054566356572834707e-01 9.116481848762125750e-01 -3.814671247800653919e-01 -1.529065718794866413e-01 1.089603061053463051e+00 0.000000000000000000e+00 0.000000000000000000e+00 0.000000000000000000e+00 1.000000000000000000e+00 3.289449919070374095e-01 9.008893674207801849e-01 2.831846393564907971e-01 1.745517417333065424e+00 -9.343694955957996262e-01 3.539706840616755334e-01 -4.072346405895008181e-02 -4.085620730620576069e-14 -1.369263962840263082e-01 -2.512033090807048730e-01 9.582004276285696065e-01 -7.105427357601001859e-15 0.000000000000000000e+00 0.000000000000000000e+00 0.000000000000000000e+00 1.000000000000000000e+00 4.023266315666099713e-01 7.959760079086355411e-01 -4.522780962705326147e-01 1.764339056983510012e+00 -8.981677111672199398e-01 2.475163263600417274e-01 -3.633599190910667409e-01 5.329070518200751394e-15 -1.772795649501165416e-01 5.524109548325966124e-01 8.145023590094974120e-01 1.421085471520200372e-14 0.000000000000000000e+00 0.000000000000000000e+00 0.000000000000000000e+00 1.000000000000000000e+00
7.312103202440001226e-02 1.058846675513244184e-01 -9.916863172663179515e-01 1.110000000000002274e+01 -9.758495902452534176e-01 -1.976318668975420856e-01 -9.305494293568267183e-02 -3.019806626980425790e-14 -2.058419099548429720e-01 9.745409598185894584e-01 8.887646337475785252e-02 8.526512829121202230e-14 0.000000000000000000e+00 0.000000000000000000e+00 0.000000000000000000e+00 1.000000000000000000e+00 9.484772118418401954e-01 -2.264949978996355293e-02 -3.160347746308837524e-01 1.540080676525192649e+00 -2.025686708908069622e-01 7.236181055324439892e-01 -6.598051007071472629e-01 -4.557088464854572862e-01 2.436327403906563549e-01 6.898288465299935446e-01 6.817472041048924236e-01 9.963684965491523826e-01 0.000000000000000000e+00 0.000000000000000000e+00 0.000000000000000000e+00 1.000000000000000000e+00 6.527825673025899889e-01 7.292997022081205705e-01 -2.049313645711317022e-01 9.686030412113171284e-01 -7.535540294980477283e-01 5.973991475518529715e-01 -2.743548489303128113e-01 -6.054566356572763652e-01 -7.766108712279901072e-02 3.335209181797536004e-01 9.395384785539329098e-01 1.089603061053487920e+00 0.000000000000000000e+00 0.000000000000000000e+00 0.000000000000000000e+00 1.000000000000000000e+00 8.316680288222133566e-01 -5.530373063456310856e-01 -4.977979133084725616e-02 1.745517417333076082e+00 4.371938342824474022e-01 7.074458067713793596e-01 -5.553215120513558256e-01 -4.973799150320701301e-14 3.423300178196269083e-01 4.400797294486088473e-01 8.301445600785763990e-01 -7.105427357601001859e-15 0.000000000000000000e+00 0.000000000000000000e+00 0.000000000000000000e+00 1.000000000000000000e+00 4.961055582735482972e-01 6.135501977819638464e-01 -6.143577376836757420e-01 1.764339056983517118e+00 -7.958386715869115724e-01 6.042377678418402454e-01 -3.921133407945120997e-02 2.842170943040400743e-14 3.471600262946050730e-01 5.083826066214535144e-01 7.880526894998237664e-01 2.486899575160350651e-14 0.000000000000000000e+00 0.000000000000000000e+00 0.000000000000000000e+00 1.000000000000000000e+00
3.399662474638707188e-01 8.236296446637821900e-01 4.539351925290065481e-01 1.110000000000009379e+01 -6.779354275209765746e-01 -1.199007270016472226e-01 7.252774446902557903e-01 -2.842170943040400743e-14 6.517871636487518883e-01 -5.543086000555000892e-01 5.176055150471512434e-01 -4.263256414560601115e-14 0.000000000000000000e+00 0.000000000000000000e+00 0.000000000000000000e+00 1.000000000000000000e+00 9.092051592865493248e-01 3.136575004399971278e-01 -2.737972803817704248e-01 1.540080676525143133e+00 -4.153436234049761588e-01 7.289590822887288546e-01 -5.441583692690938889e-01 -4.557088464855016952e-01 2.890766029179622776e-02 6.084715513206080395e-01 7.930490012665968313e-01 9.963684965491523826e-01 0.000000000000000000e+00 0.000000000000000000e+00 0.000000000000000000e+00 1.000000000000000000e+00 7.588675013293484373e-01 5.469038336440425717e-03 -6.512220858093081821e-01 9.686030412112671684e-01 -2.154011172769105809e-01 9.457919866573714085e-01 -2.430635238997438385e-01 -6.054566356573243269e-01 6.145913065623448412e-01 3.247269739248300757e-01 7.189088386600994696e-01 1.089603061053509236e+00 0.000000000000000000e+00 0.000000000000000000e+00 0.000000000000000000e+00 1.000000000000000000e+00 1.461008320591138387e-01 9.816663916824199809e-01 1.224158580938442265e-01 1.745517417333065424e+00 -8.267731194473033618e-01 5.321336313929980744e-02 5.600129881911490859e-01 -4.263256414560601115e-14 5.432317699021382840e-01 -1.830285044047035847e-01 8.193899015391681306e-01 -2.131628207280300558e-14 0.000000000000000000e+00 0.000000000000000000e+00 0.000000000000000000e+00 1.000000000000000000e+00 8.445665007753859754e-01 -5.196049159894247094e-01 1.292987124748075922e-01 1.764339056983505571e+00 4.797149583959890995e-01 8.415356445168524768e-01 2.483773695382497371e-01 7.105427357601001859e-15 -2.378675775702829287e-01 -1.477446793872072284e-01 9.599950652235753612e-01 2.842170943040400743e-14 0.000000000000000000e+00 0.000000000000000000e+00 0.000000000000000000e+00 1.000000000000000000e+00
1.272316379738613890e-01 2.228301220323683149e-02 -9.916226992488820224e-01 1.110000000000003695e+01 1.186173364554183873e-01 9.922310582105610122e-01 3.751605808946791021e-02 3.907985046680551022e-14 9.847548110015561518e-01 -1.223968728746803181e-01 1.236000312289159409e-01 -3.197442310920450836e-14 0.000000000000000000e+00 0.000000000000000000e+00 0.000000000000000000e+00 1.000000000000000000e+00 9.397013131239124739e-01 1.803823957320220273e-01 -2.905574528783778088e-01 1.540080676525175107e+00 -3.260746576402376307e-01 7.287702423274076136e-01 -6.021372364692731960e-01 -4.557088464854679444e-01 1.031346680704231522e-01 6.605725737631161776e-01 7.436444816133418456e-01 9.963684965490813283e-01 0.000000000000000000e+00 0.000000000000000000e+00 0.000000000000000000e+00 1.000000000000000000e+00 -4.915469441227902081e-01 -5.120238070223507437e-02 -8.693445335043924471e-01 9.686030412112920374e-01 -9.032051743593670634e-02 9.958838570295067694e-01 -7.586002777318721219e-03 -6.054566356573083397e-01 8.661546085160841679e-01 7.479077161292174702e-02 -4.941482921430495612e-01 1.089603061053409760e+00 0.000000000000000000e+00 0.000000000000000000e+00 0.000000000000000000e+00 1.000000000000000000e+00 -1.725751923228369122e-01 9.841148521236000590e-01 4.166246301505258098e-02 1.745517417333132926e+00 -9.841806041031175845e-01 -1.705569030995424118e-01 -4.794665068923851386e-02 -1.065814103640150279e-14 -4.007919038551528701e-02 -4.927779048250945787e-02 9.979806400242459130e-01 -8.881784197001252323e-15 0.000000000000000000e+00 0.000000000000000000e+00 0.000000000000000000e+00 1.000000000000000000e+00 8.976472105944381941e-01 -3.631162431289758907e-01 2.497520356031613376e-01 1.764339056983517118e+00 4.329088473258373426e-01 8.326811027941899424e-01 -3.453000303453019892e-01 -1.421085471520200372e-14 -8.257975065982671448e-02 4.180774749078813302e-01 9.046501034961587084e-01 2.708944180085381959e-14 0.000000000000000000e+00 0.000000000000000000e+00 0.000000000000000000e+00 1.000000000000000000e+00
2.141999120881163954e-01 -9.659140739152810573e-01 -1.453561126125354763e-01 1.109999999999996234e+01 4.860945703812356022e-01 2.344836097468697700e-01 -8.418607399124629076e-01 -2.131628207280300558e-14 8.472487629423397504e-01 1.096696793670090264e-01 5.197519553789212710e-01 -1.686498163344651857e-14 0.000000000000000000e+00 0.000000000000000000e+00 0.000000000000000000e+00 1.000000000000000000e+00 9.857061766033452521e-01 1.166245769355529760e-01 -1.215814190598959732e-01 1.540080676525164449e+00 -7.184257999346230217e-02 9.437350780316589027e-01 3.228045015058830236e-01 -4.557088464854786025e-01 1.523875884247064272e-01 -3.094556681451835489e-01 9.386241059907423079e-01 9.963684965491239609e-01 0.000000000000000000e+00 0.000000000000000000e+00 0.000000000000000000e+00 1.000000000000000000e+00 2.162295468765508266e-01 -4.370464458578522393e-01 -8.730608153047419995e-01 9.686030412112920374e-01 -2.186400227103254754e-02 8.918238860981207994e-01 -4.518540932530524801e-01 -6.054566356573189978e-01 9.760977146076378341e-01 1.167928094869946365e-01 1.832830902998985323e-01 1.089603061053459498e+00 0.000000000000000000e+00 0.000000000000000000e+00 0.000000000000000000e+00 1.000000000000000000e+00 9.964294994020490570e-01 2.879789146528546895e-03 8.437985266551180363e-02 1.745517417333076082e+00 -4.343058121393902904e-02 8.745323066754987495e-01 4.830186634036523485e-01 -1.776356839400250465e-14 -7.240191528406821064e-02 -4.849587110211578955e-01 8.715348594679938055e-01 -2.131628207280300558e-14 0.000000000000000000e+00 0.000000000000000000e+00 0.000000000000000000e+00 1.000000000000000000e+00 7.133754179843151411e-01 6.424279604355893625e-01 -2.799675493093307099e-01 1.764339056983516230e+00 -6.646084620145615851e-01 7.469122320980453589e-01 2.043794903982980651e-02 7.105427357601001859e-15 2.222410970867961522e-01 1.714888719214294477e-01 9.597918845107895613e-01 3.197442310920450836e-14 0.000000000000000000e+00 0.000000000000000000e+00 0.000000000000000000e+00 1.000000000000000000e+00
8.838504307150012451e-01 4.407717359329622053e-01 1.566163878000952914e-01 1.110000000000006537e+01 -4.649359471401878774e-01 7.909950899228662680e-01 3.976950248303002811e-01 3.108624468950438313e-14 5.140993271502310169e-02 -4.243195075889862888e-01 9.040519754403930630e-01 -2.842170943040400743e-14 0.000000000000000000e+00 0.000000000000000000e+00 0.000000000000000000e+00 1.000000000000000000e+00 7.840335682028862774e-01 6.167564577644217838e-01 -7.002025233411429683e-02 1.540080676525150238e+00 -5.353382849581171943e-01 7.289688815500312558e-01 4.266348443221653630e-01 -4.557088464854714971e-01 3.141723803728644904e-01 -2.970115175167108990e-01 9.017094176469870881e-01 9.963684965491559353e-01 0.000000000000000000e+00 0.000000000000000000e+00 0.000000000000000000e+00 1.000000000000000000e+00 6.754997638010040717e-01 -2.848866710134044262e-03 -7.373546996278355081e-01 9.686030412112813792e-01 -5.855514145092338696e-02 9.966271976319198700e-01 -5.749368965380975693e-02 -6.054566356573189978e-01 7.350315398093132391e-01 8.201288251740775082e-02 6.730546208048318046e-01 1.089603061053498578e+00 0.000000000000000000e+00 0.000000000000000000e+00 0.000000000000000000e+00 1.000000000000000000e+00 9.196554866592465682e-01 -3.678064146800913981e-01 -1.376670882154517328e-01 1.745517417333061871e+00 3.413989870141755367e-01 9.219976239509003468e-01 -1.826666720958942114e-01 -2.842170943040400743e-14 1.941147019760202652e-01 1.209910027608282479e-01 9.734889109423332521e-01 0.000000000000000000e+00 0.000000000000000000e+00 0.000000000000000000e+00 0.000000000000000000e+00 1.000000000000000000e+00 9.608750741190161815e-01 -1.675800845225274005e-02 2.764747024403668707e-01 1.764339056983537546e+00 3.087895942800424412e-02 9.984268603642806328e-01 -4.680058084862848133e-02 8.881784197001252323e-16 -2.752554845982525533e-01 5.350676271126453970e-02 9.598809533180360232e-01 2.131628207280300558e-14 0.000000000000000000e+00 0.000000000000000000e+00 0.000000000000000000e+00 1.000000000000000000e+00
2.172491255901888296e-01 -8.520091546521482151e-01 -4.763225984763163612e-01 1.109999999999997300e+01 -8.170857495283251337e-02 4.703914339401019662e-01 -8.786669492219176814e-01 7.105427357601001859e-15 9.726903547426979380e-01 2.298092671427904854e-01 3.257567383520765247e-02 7.105427357601001859e-15 0.000000000000000000e+00 0.000000000000000000e+00 0.000000000000000000e+00 1.000000000000000000e+00 8.526103671279583462e-01 4.603819932331953413e-01 -2.471921968278089632e-01 1.540080676525182213e+00 -3.913874026743602852e-01 8.760631930109523680e-01 2.816543677617531216e-01 -4.557088464854857079e-01 3.462245844733535249e-01 -1.433935220227359475e-01 9.271282731899448404e-01 9.963684965491168555e-01 0.000000000000000000e+00 0.000000000000000000e+00 0.000000000000000000e+00 1.000000000000000000e+00 5.626136822048486419e-01 2.444080056306092152e-01 -7.897661498061115948e-01 9.686030412113098009e-01 1.534360934375541552e-01 9.078334355620195639e-01 3.902509686167126568e-01 -6.054566356573189978e-01 8.123565780040952200e-01 -3.407391671929255184e-01 4.732585024214016611e-01 1.089603061053459498e+00 0.000000000000000000e+00 0.000000000000000000e+00 0.000000000000000000e+00 1.000000000000000000e+00 8.964687562065362103e-01 -4.356222292923550565e-01 -8.109896726756056495e-02 1.745517417333067201e+00 3.837181832036343776e-01 8.547323424954182958e-01 -3.495611227971399115e-01 -3.552713678800500929e-14 2.215945058533900502e-01 2.822514765925129288e-01 9.333970103535461638e-01 -1.953992523340275511e-14 0.000000000000000000e+00 0.000000000000000000e+00 0.000000000000000000e+00 1.000000000000000000e+00 6.801425181032858536e-01 4.957163761377189060e-01 -5.400661343733831332e-01 1.764339056983512677e+00 -4.872974312112697826e-01 8.561058954032505497e-01 1.721159765701499866e-01 7.105427357601001859e-15 5.476745097254566153e-01 1.461094462541220329e-01 8.238353361639051409e-01 4.263256414560601115e-14 0.000000000000000000e+00 0.000000000000000000e+00 0.000000000000000000e+00 1.000000000000000000e+00
3.942919099029129626e-02 9.668550341208603793e-01 2.522631203584885240e-01 1.110000000000010800e+01 -1.480807337900967302e-01 -2.440178175096821001e-01 9.583983519487073721e-01 -4.973799150320701301e-14 9.881889673428042586e-01 -7.514417963463065897e-02 1.335511777896426500e-01 -2.131628207280300558e-14 0.000000000000000000e+00 0.000000000000000000e+00 0.000000000000000000e+00 1.000000000000000000e+00 8.106525786229772379e-01 5.784271088931680627e-01 9.090916603626339465e-02 1.540080676525171555e+00 -5.221296626834655008e-01 6.438462757807823511e-01 5.593233309180543067e-01 -4.557088464854750498e-01 2.649962492526418689e-01 -5.008832726900629417e-01 8.239495949518537143e-01 9.963684965491168555e-01 0.000000000000000000e+00 0.000000000000000000e+00 0.000000000000000000e+00 1.000000000000000000e+00 3.493781710156277365e-01 -5.180910604959230170e-01 -7.807154069518447148e-01 9.686030412112955901e-01 -9.031450694173414062e-01 3.568805518288642453e-02 -4.278496772283565952e-01 -6.054566356573110042e-01 2.495273075335048274e-01 8.545806081063818116e-01 -4.554427593491929827e-01 1.089603061053452393e+00 0.000000000000000000e+00 0.000000000000000000e+00 0.000000000000000000e+00 1.000000000000000000e+00 4.053178834773828454e-01 8.530447251928953145e-01 -3.286823849158827526e-01 1.745517417333077415e+00 -8.049517535762155118e-01 5.034496425609694681e-01 3.139922480250234016e-01 -2.131628207280300558e-14 4.333244601311936339e-01 1.373067887098444739e-01 8.907169909832188814e-01 -2.486899575160350651e-14 0.000000000000000000e+00 0.000000000000000000e+00 0.000000000000000000e+00 1.000000000000000000e+00 1.104626316045016488e-01 9.587349069424342396e-01 2.619644732193476822e-01 1.764339056983516230e+00 -9.818857614804097356e-01 1.460961896191451670e-01 -1.206493049329447620e-01 1.065814103640150279e-14 -1.539427114904894645e-01 -2.438919465436465428e-01 9.575063237337427813e-01 3.552713678800500929e-14 0.000000000000000000e+00 0.000000000000000000e+00 0.000000000000000000e+00 1.000000000000000000e+00
