1.000000000000000000e+00 0.000000000000000000e+00 0.000000000000000000e+00 1.110000000000001563e+01 0.000000000000000000e+00 1.000000000000000000e+00 0.000000000000000000e+00 1.421085471520200372e-14 0.000000000000000000e+00 0.000000000000000000e+00 1.000000000000000000e+00 0.000000000000000000e+00 0.000000000000000000e+00 0.000000000000000000e+00 0.000000000000000000e+00 1.000000000000000000e+00 3.934171428145766258e-01 -1.130314435170671761e-01 -9.123852500539796351e-01 9.686030412112867083e-01 -4.972909411420591841e-01 8.085363527785954796e-01 -3.145960681469678888e-01 -6.054566356534536453e-01 7.732558901150768937e-01 5.774884059545565274e-01 2.618825488466257623e-01 1.089603061098338266e+00 0.000000000000000000e+00 0.000000000000000000e+00 0.000000000000000000e+00 1.000000000000000000e+00 8.797020240493522714e-01 2.667418862039475091e-01 3.936662482710870381e-01 1.151242977599590489e+00 -3.141297784210776434e-01 9.474842903459109733e-01 5.996667288444654242e-02 -6.408755305007218794e-01 -3.569969624416957088e-01 -1.764150948532065277e-01 9.172954175811283140e-01 -9.221213399115040232e-01 0.000000000000000000e+00 0.000000000000000000e+00 0.000000000000000000e+00 1.000000000000000000e+00
4.735181553939289412e-01 -7.746312129490572351e-01 -4.191980921204236932e-01 1.109999999999997300e+01 4.239068547537493403e-01 6.176202843163789424e-01 -6.624561592239435193e-01 0.000000000000000000e+00 7.720644629855168972e-01 1.359840737955274048e-01 6.208258988386824440e-01 0.000000000000000000e+00 0.000000000000000000e+00 0.000000000000000000e+00 0.000000000000000000e+00 1.000000000000000000e+00 3.680113833879453678e-01 -6.706508664698276334e-01 -6.440458345491880676e-01 9.686030412112645038e-01 -6.120679543210958418e-01 3.466957672262656054e-01 -7.107565436072889042e-01 -6.054566356573047869e-01 6.999574565572393992e-01 6.557663153064974271e-01 -2.828959149921748129e-01 1.089603061053466604e+00 0.000000000000000000e+00 0.000000000000000000e+00 0.000000000000000000e+00 1.000000000000000000e+00 6.475645246956616141e-01 1.366759314623663124e-01 7.496531705492722741e-01 1.151242977599566508e+00 -6.742010996636432774e-01 5.612422171927335945e-01 4.800625488964102017e-01 -6.408755305062499019e-01 -3.551240115340213999e-01 -8.162884682509479184e-01 4.555876129050320245e-01 -9.221213399563517044e-01 0.000000000000000000e+00 0.000000000000000000e+00 0.000000000000000000e+00 1.000000000000000000e+00
8.382204357869063038e-01 3.497062153415054775e-01 4.184400363023709768e-01 1.110000000000004405e+01 -4.641059410130695673e-01 5.456372510477791593e-02 8.840975485878599383e-01 -2.287059430727822473e-14 2.863427605957274413e-01 -9.352691392611063304e-01 2.080371615846725586e-01 -7.815970093361102045e-14 0.000000000000000000e+00 0.000000000000000000e+00 0.000000000000000000e+00 1.000000000000000000e+00 1.598708082406339326e-01 -6.609389789883726163e-01 -7.332127867995033021e-01 9.686030412112671684e-01 -2.019462369053848586e-02 7.404210083577078549e-01 -6.718399419181272370e-01 -6.054566356572976815e-01 9.869313561978280136e-01 1.222145508372986800e-01 1.050242910814129793e-01 1.089603061053462163e+00 0.000000000000000000e+00 0.000000000000000000e+00 0.000000000000000000e+00 1.000000000000000000e+00 9.738870479646084544e-01 4.117075971490918862e-02 2.232688656111229131e-01 1.151242977599569173e+00 -7.722444802503564132e-02 9.848534294179341897e-01 1.552420922010610549e-01 -6.408755305062356911e-01 -2.134956731037165878e-01 -1.684300778015357380e-01 9.623153882474080323e-01 -9.221213399563579216e-01 0.000000000000000000e+00 0.000000000000000000e+00 0.000000000000000000e+00 1.000000000000000000e+00
6.003353647567828411e-01 6.104438229298743135e-01 5.166776450255040620e-01 1.110000000000007248e+01 2.442190329181459507e-02 6.317559215762396096e-01 -7.747825670424970390e-01 7.105427357601001859e-15 -7.993753939557720622e-01 4.777476264725095123e-01 3.643572216080503967e-01 5.684341886080801487e-14 0.000000000000000000e+00 0.000000000000000000e+00 0.000000000000000000e+00 1.000000000000000000e+00 7.541993088734157968e-01 2.792439272689092311e-01 -5.943115610336872079e-01 9.686030412113062482e-01 -5.314373142825327134e-01 7.911818087837529934e-01 -3.026643792021741497e-01 -6.054566356573189978e-01 3.856913059469069815e-01 5.441086054576833586e-01 7.451094161154214746e-01 1.089603061053480815e+00 0.000000000000000000e+00 0.000000000000000000e+00 0.000000000000000000e+00 1.000000000000000000e+00 9.147375051215469455e-01 2.626932651066116176e-01 3.069976305961260032e-01 1.151242977599608253e+00 -2.844113899665791090e-01 9.583099125666497686e-01 2.742759073959261107e-02 -6.408755305062641128e-01 -2.869938291693507337e-01 -1.124026687589203544e-01 9.513149752182954444e-01 -9.221213399563339408e-01 0.000000000000000000e+00 0.000000000000000000e+00 0.000000000000000000e+00 1.000000000000000000e+00
4.665183649270598920e-04 -9.975702431577173623e-01 6.966629261606969992e-02 1.109999999999996589e+01 3.001326027995542683e-02 6.964888328520901783e-02 9.971199713497322925e-01 -2.131628207280300558e-14 -9.995493917600984934e-01 1.625737794355541343e-03 2.997282783858024047e-02 2.486899575160350651e-14 0.000000000000000000e+00 0.000000000000000000e+00 0.000000000000000000e+00 1.000000000000000000e+00 -4.989079809307339630e-02 -8.347952605412589655e-01 -5.482953412564146589e-01 9.686030412112600629e-01 1.112504785414336061e-01 5.409176346522679424e-01 -8.336854583993280610e-01 -6.054566356572870234e-01 9.925392885372037455e-01 -1.025913519749469538e-01 6.588455972391649151e-02 1.089603061053452393e+00 0.000000000000000000e+00 0.000000000000000000e+00 0.000000000000000000e+00 1.000000000000000000e+00 7.483315695230805531e-01 4.495722239902257278e-01 4.877342283166162251e-01 1.151242977599558515e+00 -6.448445622042124903e-01 6.654080715042303140e-01 3.760420042663831230e-01 -6.408755305062214802e-01 -1.554842520989836718e-01 -5.959168681901053644e-01 7.878500704802382515e-01 -9.221213399563694679e-01 0.000000000000000000e+00 0.000000000000000000e+00 0.000000000000000000e+00 1.000000000000000000e+00
1.453836367959804310e-01 -8.959917302779500936e-01 4.195979235238179172e-01 1.109999999999997300e+01 2.285547149944416878e-02 4.270321965125425390e-01 9.039475264439917890e-01 -7.105427357601001859e-15 -9.891113312335031438e-01 -1.218290704848336570e-01 8.256180721307471160e-02 2.131628207280300558e-14 0.000000000000000000e+00 0.000000000000000000e+00 0.000000000000000000e+00 1.000000000000000000e+00 6.128780729370317815e-01 -1.862921090225316267e-01 -7.679034560600229709e-01 9.686030412112742738e-01 3.137874413902543291e-01 9.492795065003816202e-01 2.014597141241093736e-02 -6.054566356573118924e-01 7.252019783058704094e-01 -2.533054848484911359e-01 6.402487188639449656e-01 1.089603061053484367e+00 0.000000000000000000e+00 0.000000000000000000e+00 0.000000000000000000e+00 1.000000000000000000e+00 9.406376427465916734e-01 -1.272523985139660807e-01 3.146548142339126719e-01 1.151242977599572725e+00 6.216399152368047923e-03 9.333609099763990891e-01 3.588854526302321379e-01 -6.408755305062427965e-01 -3.393555383807869696e-01 -3.356251462576529954e-01 8.787454578942728300e-01 -9.221213399563445989e-01 0.000000000000000000e+00 0.000000000000000000e+00 0.000000000000000000e+00 1.000000000000000000e+00
1.419795991078420805e-02 9.372670095077905161e-01 -3.483230839647223909e-01 1.110000000000010445e+01 -7.133460424822890555e-02 -3.465210943702130564e-01 -9.353258819220275910e-01 -5.684341886080801487e-14 -9.973513885141587210e-01 3.812720872019387253e-02 6.193967859204985160e-02 1.421085471520200372e-14 0.000000000000000000e+00 0.000000000000000000e+00 0.000000000000000000e+00 1.000000000000000000e+00 7.532992594387453167e-01 -2.860131658114226649e-01 -5.922302716946893364e-01 9.686030412112955901e-01 -3.055287867331942797e-01 6.452324676733154352e-01 -7.002336918040621416e-01 -6.054566356573403141e-01 5.824022546371022679e-01 7.084289178476070870e-01 3.986678845240588798e-01 1.089603061053451949e+00 0.000000000000000000e+00 0.000000000000000000e+00 0.000000000000000000e+00 1.000000000000000000e+00 9.868377741127110081e-01 5.137766451939424633e-02 1.533347422236805424e-01 1.151242977599565620e+00 -7.432934722124376337e-02 9.862012269784996565e-01 1.479266306239871986e-01 -6.408755305062641128e-01 -1.436187861177421476e-01 -1.573768581927925403e-01 9.770394919241657261e-01 -9.221213399563561453e-01 0.000000000000000000e+00 0.000000000000000000e+00 0.000000000000000000e+00 1.000000000000000000e+00
8.727236908713315033e-01 2.655637431931247017e-01 4.096696934033279280e-01 1.110000000000003340e+01 -4.707883716669258312e-01 6.799617681220162524e-01 5.621479369308278740e-01 2.842170943040400743e-14 -1.292736187128879499e-01 -6.834675502126180691e-01 7.184430661585072819e-01 -4.973799150320701301e-14 0.000000000000000000e+00 0.000000000000000000e+00 0.000000000000000000e+00 1.000000000000000000e+00 7.506209131723285966e-01 -5.689837989087497272e-01 -3.358953427597754504e-01 9.686030412112671684e-01 -8.566981820800172176e-02 4.202662789717875880e-01 -9.033476279967836975e-01 -6.054566356573118924e-01 6.551556509384219851e-01 7.068477143901472637e-01 2.667159194815289514e-01 1.089603061053460387e+00 0.000000000000000000e+00 0.000000000000000000e+00 0.000000000000000000e+00 1.000000000000000000e+00 8.785825174415056171e-01 3.185119005626921296e-01 3.558692586415526660e-01 1.151242977599572725e+00 -1.005874734498495848e-01 8.518278639071341640e-01 -5.140733901461781441e-01 -6.408755305062356911e-01 -4.668778429430147092e-01 4.158599036590935882e-01 7.804393764396611033e-01 -9.221213399563534807e-01 0.000000000000000000e+00 0.000000000000000000e+00 0.000000000000000000e+00 1.000000000000000000e+00
3.438596722872572231e-01 9.021627351187357924e-01 -2.605051345704755272e-01 1.110000000000009379e+01 -4.009661860997663640e-01 -1.097924607314044732e-01 -9.094898202680171684e-01 -4.263256414560601115e-14 -8.491093235733000455e-01 4.171906218140868372e-01 3.239835515751809947e-01 3.552713678800500929e-14 0.000000000000000000e+00 0.000000000000000000e+00 0.000000000000000000e+00 1.000000000000000000e+00 3.424825964975907189e-01 -5.689046032312239376e-01 -7.476986181066486159e-01 9.686030412112902610e-01 -7.769718465347573710e-01 2.759324011185723124e-01 -5.658410198150259918e-01 -6.054566356572927965e-01 5.282238358770244835e-01 7.747314776329039532e-01 -3.475208148817843234e-01 1.089603061053438182e+00 0.000000000000000000e+00 0.000000000000000000e+00 0.000000000000000000e+00 1.000000000000000000e+00 8.988367373594585708e-01 -3.497881617006687316e-01 2.640847619743903474e-01 1.151242977599594042e+00 4.370135891947279916e-02 6.710674010111311594e-01 7.401072452886521269e-01 -6.408755305062290297e-01 -4.360994276556608984e-01 -6.536947186831423284e-01 6.184662512734000472e-01 -9.221213399563623625e-01 0.000000000000000000e+00 0.000000000000000000e+00 0.000000000000000000e+00 1.000000000000000000e+00
4.609961861518518944e-02 9.800344680022186061e-01 1.934095827283199565e-01 1.110000000000009024e+01 -9.898457856527478338e-01 7.087740563612565659e-02 -1.232140982022213310e-01 1.421085471520200372e-14 -1.344624326309360463e-01 -1.857655374333475884e-01 9.733504093146879699e-01 -7.105427357601001859e-15 0.000000000000000000e+00 0.000000000000000000e+00 0.000000000000000000e+00 1.000000000000000000e+00 -1.291981834475006696e-01 2.597277545225289974e-01 -9.570001687170961446e-01 9.686030412112813792e-01 -2.834144442558801935e-01 9.151595968698648109e-01 2.866342007578948636e-01 -6.054566356572834707e-01 9.502547459397381324e-01 3.082602890215856983e-01 -4.462636027430311181e-02 1.089603061053457722e+00 0.000000000000000000e+00 0.000000000000000000e+00 0.000000000000000000e+00 1.000000000000000000e+00 6.758741323080963426e-01 6.441043952329328359e-01 3.582229547619690257e-01 1.151242977599579831e+00 -6.555314832322491903e-01 7.475130491380939102e-01 -1.072507149607728610e-01 -6.408755305062143748e-01 -3.368569900834851860e-01 -1.623384409494171843e-01 9.274554430386439119e-01 -9.221213399563623625e-01 0.000000000000000000e+00 0.000000000000000000e+00 0.000000000000000000e+00 1.000000000000000000e+00
1.590997602718524639e-03 -5.857857526355930711e-01 8.104643858528145506e-01 1.110000000000000142e+01 -1.956413801357248516e-03 8.104620372019132324e-01 5.857878956581148433e-01 2.131628207280300558e-14 -9.999968205807786559e-01 -2.517590847684547661e-03 1.434038271879156667e-04 3.552713678800500929e-14 0.000000000000000000e+00 0.000000000000000000e+00 0.000000000000000000e+00 1.000000000000000000e+00 3.662500687008249933e-01 -1.603805009288890304e-01 -9.165909568059459334e-01 9.686030412113098009e-01 -8.525586134328133614e-01 3.368403802729256213e-01 -3.996027638531913229e-01 -6.054566356572905761e-01 3.728333378845828938e-01 9.278020549338038547e-01 -1.336596507742271456e-02 1.089603061053452393e+00 0.000000000000000000e+00 0.000000000000000000e+00 0.000000000000000000e+00 1.000000000000000000e+00 7.884868701965895843e-01 5.166114633625326080e-01 3.337679604905316455e-01 1.151242977599608253e+00 -1.955410787373934589e-01 7.250693986853609108e-01 -6.603317754101082349e-01 -6.408755305062214802e-01 -5.831398992127043712e-01 4.553975878421752665e-01 6.727264636787564367e-01 -9.221213399563765734e-01 0.000000000000000000e+00 0.000000000000000000e+00 0.000000000000000000e+00 1.000000000000000000e+00
6.348451666639290947e-01 -6.903227580950445086e-01 -3.470246446860779654e-01 1.109999999999997300e+01 -5.629105613572420175e-02 4.066238893427249756e-01 -9.118598190593331099e-01 -1.776356839400250465e-14 7.705860960091173162e-01 5.984241825593663577e-01 2.192842136716213197e-01 2.131628207280300558e-14 0.000000000000000000e+00 0.000000000000000000e+00 0.000000000000000000e+00 1.000000000000000000e+00 -3.976745702610433586e-01 -7.249438868673118153e-01 -5.624155910547009585e-01 9.686030412112529575e-01 1.036943739052468005e-01 5.735322079933646844e-01 -8.125935535153195888e-01 -6.054566356572834707e-01 9.116481848762125750e-01 -3.814671247800653919e-01 -1.529065718794866413e-01 1.089603061053463051e+00 0.000000000000000000e+00 0.000000000000000000e+00 0.000000000000000000e+00 1.000000000000000000e+00 8.179412614789233205e-01 5.179135261419992586e-01 2.504748933714280312e-01 1.151242977599572725e+00 -4.992093124893249856e-01 8.553514687956237372e-01 -1.384338367347541510e-01 -6.408755305062143748e-01 -2.859408244623405926e-01 -1.180865226559544082e-02 9.581745147088118753e-01 -9.221213399563588098e-01 0.000000000000000000e+00 0.000000000000000000e+00 0.000000000000000000e+00 1.000000000000000000e+00
7.312103202440001226e-02 1.058846675513244184e-01 -9.916863172663179515e-01 1.110000000000002274e+01 -9.758495902452534176e-01 -1.976318668975420856e-01 -9.305494293568267183e-02 -3.019806626980425790e-14 -2.058419099548429720e-01 9.745409598185894584e-01 8.887646337475785252e-02 8.526512829121202230e-14 0.000000000000000000e+00 0.000000000000000000e+00 0.000000000000000000e+00 1.000000000000000000e+00 6.527825673025899889e-01 7.292997022081205705e-01 -2.049313645711317022e-01 9.686030412113171284e-01 -7.535540294980477283e-01 5.973991475518529715e-01 -2.743548489303128113e-01 -6.054566356572763652e-01 -7.766108712279901072e-02 3.335209181797536004e-01 9.395384785539329098e-01 1.089603061053487920e+00 0.000000000000000000e+00 0.000000000000000000e+00 0.000000000000000000e+00 1.000000000000000000e+00 9.644781044534493919e-01 -5.787993938907754453e-03 2.640993849974748175e-01 1.151242977599614248e+00 -5.009393999698121686e-02 9.776119668018530273e-01 2.043659451606150146e-01 -6.408755305062214802e-01 -2.593695880504499063e-01 -2.103362581486507010e-01 9.425953932109810696e-01 -9.221213399563339408e-01 0.000000000000000000e+00 0.000000000000000000e+00 0.000000000000000000e+00 1.000000000000000000e+00
3.399662474638707188e-01 8.236296446637821900e-01 4.539351925290065481e-01 1.110000000000009379e+01 -6.779354275209765746e-01 -1.199007270016472226e-01 7.252774446902557903e-01 -2.842170943040400743e-14 6.517871636487518883e-01 -5.543086000555000892e-01 5.176055150471512434e-01 -4.263256414560601115e-14 0.000000000000000000e+00 0.000000000000000000e+00 0.000000000000000000e+00 1.000000000000000000e+00 7.588675013293484373e-01 5.469038336440425717e-03 -6.512220858093081821e-01 9.686030412112671684e-01 -2.154011172769105809e-01 9.457919866573714085e-01 -2.430635238997438385e-01 -6.054566356573243269e-01 6.145913065623448412e-01 3.247269739248300757e-01 7.189088386600994696e-01 1.089603061053509236e+00 0.000000000000000000e+00 0.000000000000000000e+00 0.000000000000000000e+00 1.000000000000000000e+00 7.398692984715876664e-01 5.719746327658335738e-02 6.703147554499190308e-01 1.151242977599569173e+00 -5.079597978277619053e-01 7.007897082987590842e-01 5.008698718562729635e-01 -6.408755305062516783e-01 -4.411011958382565767e-01 -7.110711883751612561e-01 5.475468017373456009e-01 -9.221213399563055191e-01 0.000000000000000000e+00 0.000000000000000000e+00 0.000000000000000000e+00 1.000000000000000000e+00
1.272316379738613890e-01 2.228301220323683149e-02 -9.916226992488820224e-01 1.110000000000003695e+01 1.186173364554183873e-01 9.922310582105610122e-01 3.751605808946791021e-02 3.907985046680551022e-14 9.847548110015561518e-01 -1.223968728746803181e-01 1.236000312289159409e-01 -3.197442310920450836e-14 0.000000000000000000e+00 0.000000000000000000e+00 0.000000000000000000e+00 1.000000000000000000e+00 -4.915469441227902081e-01 -5.120238070223507437e-02 -8.693445335043924471e-01 9.686030412112920374e-01 -9.032051743593670634e-02 9.958838570295067694e-01 -7.586002777318721219e-03 -6.054566356573083397e-01 8.661546085160841679e-01 7.479077161292174702e-02 -4.941482921430495612e-01 1.089603061053409760e+00 0.000000000000000000e+00 0.000000000000000000e+00 0.000000000000000000e+00 1.000000000000000000e+00 8.865214109272744336e-01 3.419384672891237487e-01 3.117015761196587631e-01 1.151242977599601147e+00 -3.670074069884889378e-01 9.299161810845920639e-01 2.369513394420454458e-02 -6.408755305062250329e-01 -2.817540615201495902e-01 -1.354030307822280399e-01 9.498845551286150268e-01 -9.221213399564049951e-01 0.000000000000000000e+00 0.000000000000000000e+00 0.000000000000000000e+00 1.000000000000000000e+00
2.141999120881163954e-01 -9.659140739152810573e-01 -1.453561126125354763e-01 1.109999999999996234e+01 4.860945703812356022e-01 2.344836097468697700e-01 -8.418607399124629076e-01 -2.131628207280300558e-14 8.472487629423397504e-01 1.096696793670090264e-01 5.197519553789212710e-01 -1.686498163344651857e-14 0.000000000000000000e+00 0.000000000000000000e+00 0.000000000000000000e+00 1.000000000000000000e+00 2.162295468765508266e-01 -4.370464458578522393e-01 -8.730608153047419995e-01 9.686030412112920374e-01 -2.186400227103254754e-02 8.918238860981207994e-01 -4.518540932530524801e-01 -6.054566356573189978e-01 9.760977146076378341e-01 1.167928094869946365e-01 1.832830902998985323e-01 1.089603061053459498e+00 0.000000000000000000e+00 0.000000000000000000e+00 0.000000000000000000e+00 1.000000000000000000e+00 7.360996973726909864e-01 6.498225487828483971e-01 1.894409950913359952e-01 1.151242977599594042e+00 -5.127219846172821338e-01 7.180197709306949116e-01 -4.707056139911101056e-01 -6.408755305062499019e-01 -4.418975017104626590e-01 2.493556970393802363e-01 8.617124429506959338e-01 -9.221213399563481516e-01 0.000000000000000000e+00 0.000000000000000000e+00 0.000000000000000000e+00 1.000000000000000000e+00
8.838504307150012451e-01 4.407717359329622053e-01 1.566163878000952914e-01 1.110000000000006537e+01 -4.649359471401878774e-01 7.909950899228662680e-01 3.976950248303002811e-01 3.108624468950438313e-14 5.140993271502310169e-02 -4.243195075889862888e-01 9.040519754403930630e-01 -2.842170943040400743e-14 0.000000000000000000e+00 0.000000000000000000e+00 0.000000000000000000e+00 1.000000000000000000e+00 6.754997638010040717e-01 -2.848866710134044262e-03 -7.373546996278355081e-01 9.686030412112813792e-01 -5.855514145092338696e-02 9.966271976319198700e-01 -5.749368965380975693e-02 -6.054566356573189978e-01 7.350315398093132391e-01 8.201288251740775082e-02 6.730546208048318046e-01 1.089603061053498578e+00 0.000000000000000000e+00 0.000000000000000000e+00 0.000000000000000000e+00 1.000000000000000000e+00 8.158590447614687546e-01 2.788118531454807925e-01 5.065944824279935421e-01 1.151242977599565620e+00 -5.627120701343217846e-01 5.845377990959872427e-01 5.845260366768664229e-01 -6.408755305062356911e-01 -1.331508362949696544e-01 -7.619576838470770719e-01 6.337912454589034184e-01 -9.221213399563197299e-01 0.000000000000000000e+00 0.000000000000000000e+00 0.000000000000000000e+00 1.000000000000000000e+00
2.172491255901888296e-01 -8.520091546521482151e-01 -4.763225984763163612e-01 1.109999999999997300e+01 -8.170857495283251337e-02 4.703914339401019662e-01 -8.786669492219176814e-01 7.105427357601001859e-15 9.726903547426979380e-01 2.298092671427904854e-01 3.257567383520765247e-02 7.105427357601001859e-15 0.000000000000000000e+00 0.000000000000000000e+00 0.000000000000000000e+00 1.000000000000000000e+00 5.626136822048486419e-01 2.444080056306092152e-01 -7.897661498061115948e-01 9.686030412113098009e-01 1.534360934375541552e-01 9.078334355620195639e-01 3.902509686167126568e-01 -6.054566356573189978e-01 8.123565780040952200e-01 -3.407391671929255184e-01 4.732585024214016611e-01 1.089603061053459498e+00 0.000000000000000000e+00 0.000000000000000000e+00 0.000000000000000000e+00 1.000000000000000000e+00 8.162549775550363984e-01 4.599900964982792106e-01 3.494809332998450868e-01 1.151242977599608253e+00 -5.768106949249284243e-01 6.823555805014984710e-01 4.490882808298208295e-01 -6.408755305062427965e-01 -3.189410348086562513e-02 -5.681548845886714716e-01 8.223033462665618742e-01 -9.221213399563552571e-01 0.000000000000000000e+00 0.000000000000000000e+00 0.000000000000000000e+00 1.000000000000000000e+00
3.942919099029129626e-02 9.668550341208603793e-01 2.522631203584885240e-01 1.110000000000010800e+01 -1.480807337900967302e-01 -2.440178175096821001e-01 9.583983519487073721e-01 -4.973799150320701301e-14 9.881889673428042586e-01 -7.514417963463065897e-02 1.335511777896426500e-01 -2.131628207280300558e-14 0.000000000000000000e+00 0.000000000000000000e+00 0.000000000000000000e+00 1.000000000000000000e+00 3.493781710156277365e-01 -5.180910604959230170e-01 -7.807154069518447148e-01 9.686030412112955901e-01 -9.031450694173414062e-01 3.568805518288642453e-02 -4.278496772283565952e-01 -6.054566356573110042e-01 2.495273075335048274e-01 8.545806081063818116e-01 -4.554427593491929827e-01 1.089603061053452393e+00 0.000000000000000000e+00 0.000000000000000000e+00 0.000000000000000000e+00 1.000000000000000000e+00 8.423506006063135043e-01 3.450831074303600809e-01 4.139602814575202294e-01 1.151242977599594042e+00 -4.324994721466387526e-01 8.911319927784798756e-01 1.372150794903172488e-01 -6.408755305062312502e-01 -3.215426445295578861e-01 -2.946208078409633391e-01 8.998938311468062112e-01 -9.221213399563623625e-01 0.000000000000000000e+00 0.000000000000000000e+00 0.000000000000000000e+00 1.000000000000000000e+00
1.186117075204928817e-02 -6.473971162299207993e-01 -7.620605530570211394e-01 1.109999999999999432e+01 3.497957278287000538e-03 7.621363658903782534e-01 -6.474070775657976284e-01 1.421085471520200372e-14 9.999235355382279922e-01 5.013350635031943447e-03 1.130439702683061487e-02 -1.421085471520200372e-14 0.000000000000000000e+00 0.000000000000000000e+00 0.000000000000000000e+00 1.000000000000000000e+00 -3.804031937533027818e-01 5.215929559309001595e-01 -7.636977140895169214e-01 9.686030412112884846e-01 7.387627836625829114e-02 8.402784969241156032e-01 5.370980758685514056e-01 -6.054566356573118924e-01 9.218653403165988358e-01 1.478946785053982804e-01 -3.581779702783891572e-01 1.089603061053512789e+00 0.000000000000000000e+00 0.000000000000000000e+00 0.000000000000000000e+00 1.000000000000000000e+00 9.613570025856817969e-01 4.759782812827526022e-02 2.711589208138736606e-01 1.151242977599579831e+00 4.134194111612553985e-02 9.488126993082451888e-01 -3.131218701019657935e-01 -6.408755305062356911e-01 -2.721829485552396677e-01 3.122321386226483142e-01 9.101799460144697207e-01 -9.221213399563055191e-01 0.000000000000000000e+00 0.000000000000000000e+00 0.000000000000000000e+00 1.000000000000000000e+00
2.011145920122008324e-01 1.898517338448499348e-02 -9.793837266727108970e-01 1.110000000000003162e+01 4.813384207992504882e-01 8.688672855096424286e-01 1.156847649156499680e-01 1.421085471520200372e-14 8.531507753863029064e-01 -4.946809106511657061e-01 1.656035962625321822e-01 -4.263256414560601115e-14 0.000000000000000000e+00 0.000000000000000000e+00 0.000000000000000000e+00 1.000000000000000000e+00 -2.892227395104451926e-01 3.971710507297696591e-01 -8.709795424763336902e-01 9.686030412112813792e-01 -9.017177257147100944e-01 1.923870983710426197e-01 3.871593309120436865e-01 -6.054566356573047869e-01 3.213337051757310658e-01 8.973529744992108093e-01 3.024934529464312627e-01 1.089603061053459498e+00 0.000000000000000000e+00 0.000000000000000000e+00 0.000000000000000000e+00 1.000000000000000000e+00 9.015451145150087386e-01 1.316901915243181009e-01 4.121578580476274456e-01 1.151242977599594042e+00 -2.852784257454383382e-02 9.685769234939993755e-01 -2.470726724527447515e-01 -6.408755305062356911e-01 -4.317436376973746159e-01 2.109891862896951242e-01 8.769726304604098521e-01 -9.221213399563517044e-01 0.000000000000000000e+00 0.000000000000000000e+00 0.000000000000000000e+00 1.000000000000000000e+00
4.912125641957341138e-01 -8.127015231425958053e-01 3.134109938370968074e-01 1.109999999999996589e+01 5.861791839208284616e-01 4.228475063632730624e-02 -8.090772300599835543e-01 -4.973799150320701301e-14 6.442857914886558346e-01 5.811439014093916500e-01 4.971595163933884010e-01 2.842170943040400743e-14 0.000000000000000000e+00 0.000000000000000000e+00 0.000000000000000000e+00 1.000000000000000000e+00 2.171863033103051954e-01 4.397038615502763537e-01 -8.714875924487850423e-01 9.686030412112405230e-01 -9.476935994494157800e-01 3.089105334021345906e-01 -8.031888891050970036e-02 -6.054566356573332087e-01 2.338951714273174720e-01 8.433473759317593466e-01 4.837956720476132011e-01 1.089603061053480815e+00 0.000000000000000000e+00 0.000000000000000000e+00 0.000000000000000000e+00 1.000000000000000000e+00 8.446760658317145065e-01 4.021355633409386954e-01 3.532836431361111029e-01 1.151242977599537198e+00 -4.607386240965680724e-01 8.821713025610726788e-01 9.743568752413928058e-02 -6.408755305062356911e-01 -2.724743365468728640e-01 -2.450730128638530236e-01 9.304283713909282660e-01 -9.221213399563339408e-01 0.000000000000000000e+00 0.000000000000000000e+00 0.000000000000000000e+00 1.000000000000000000e+00
6.931052071126309055e-02 -5.843580852370722223e-01 -8.085305683378928299e-01 1.110000000000000853e+01 8.904999848407733898e-02 8.108683084490363457e-01 -5.784139383892682451e-01 2.486899575160350651e-14 9.936126757890719752e-01 -3.190947462840688920e-02 1.082387912913834738e-01 -2.486899575160350651e-14 0.000000000000000000e+00 0.000000000000000000e+00 0.000000000000000000e+00 1.000000000000000000e+00 6.531100056163419154e-02 5.806626068910519800e-01 -8.115204311439893070e-01 9.686030412113133536e-01 2.739750677893301734e-01 7.715683467826697228e-01 5.741253769629851567e-01 -6.054566356573189978e-01 9.595166155077620163e-01 -2.598330679523789266e-01 -1.086951763556431860e-01 1.089603061053480815e+00 0.000000000000000000e+00 0.000000000000000000e+00 0.000000000000000000e+00 1.000000000000000000e+00 9.853952525000356788e-01 1.998784039795946724e-02 1.691055368301599693e-01 1.151242977599618911e+00 -1.691429705215516735e-02 9.996648860075032506e-01 -1.959648536949759254e-02 -6.408755305062463492e-01 -1.694405586204859870e-01 1.644998236567983899e-02 9.854031130327052246e-01 -9.221213399563481516e-01 0.000000000000000000e+00 0.000000000000000000e+00 0.000000000000000000e+00 1.000000000000000000e+00
1.626323995893256269e-01 9.703055239235356400e-01 -1.790471805063995614e-01 1.110000000000010623e+01 -9.634132749824713127e-01 1.953402392902926499e-01 1.835130853687567953e-01 -8.881784197001252323e-15 2.130388795299283933e-01 1.426512571184863354e-01 9.665738743888891982e-01 0.000000000000000000e+00 0.000000000000000000e+00 0.000000000000000000e+00 0.000000000000000000e+00 1.000000000000000000e+00 1.802904389681473374e-01 -1.065718518821396343e-01 -9.778229890952064851e-01 9.686030412112636157e-01 -5.228049192264828671e-01 8.316800274173131724e-01 -1.870383608453840552e-01 -6.054566356572976815e-01 8.331688748682729573e-01 5.449318970124144013e-01 9.422766880904953624e-02 1.089603061053466604e+00 0.000000000000000000e+00 0.000000000000000000e+00 0.000000000000000000e+00 1.000000000000000000e+00 7.136177871953752749e-01 5.641428236688225129e-01 4.153221981803332241e-01 1.151242977599569173e+00 -5.839375122446780475e-01 8.065443487826502444e-01 -9.221277156808121989e-02 -6.408755305062268093e-01 -3.869969451970811658e-01 -1.767175371878481616e-01 9.049885504570700512e-01 -9.221213399563481516e-01 0.000000000000000000e+00 0.000000000000000000e+00 0.000000000000000000e+00 1.000000000000000000e+00
2.562941632244678525e-01 4.325829601027375015e-01 -8.643987994703737909e-01 1.110000000000005116e+01 -6.106307264199744012e-01 7.656849634530655813e-01 2.021302864335081106e-01 3.552713678800500929e-14 7.492952808131678744e-01 4.760236542133501336e-01 4.603890341661981411e-01 1.776356839400250465e-14 0.000000000000000000e+00 0.000000000000000000e+00 0.000000000000000000e+00 1.000000000000000000e+00 3.345565714434900473e-01 -6.436049984390823653e-02 -9.401753169296773738e-01 9.686030412112742738e-01 -6.339880049747088388e-03 9.974888071249052857e-01 -7.053995733971135662e-02 -6.054566356573047869e-01 9.423543422858153829e-01 2.956020501241097762e-02 3.333083975160128221e-01 1.089603061053452393e+00 0.000000000000000000e+00 0.000000000000000000e+00 0.000000000000000000e+00 1.000000000000000000e+00 6.082945600124198826e-01 4.284309298834541591e-01 6.681501826524448573e-01 1.151242977599572725e+00 -6.476634664422505905e-01 7.545429916028081330e-01 1.058154433865503979e-01 -6.408755305062356911e-01 -4.588134288524086113e-01 -4.971034219780461338e-01 7.364634582668798668e-01 -9.221213399563481516e-01 0.000000000000000000e+00 0.000000000000000000e+00 0.000000000000000000e+00 1.000000000000000000e+00
9.636480874432969967e-01 -1.037991125511159712e-01 2.461871397950684548e-01 1.109999999999998010e+01 2.008031060847835850e-02 9.469777396535613567e-01 3.206710802777493208e-01 4.263256414560601115e-14 -2.664191147285472905e-01 -3.040705589731312330e-01 9.146376060894416682e-01 -2.131628207280300558e-14 0.000000000000000000e+00 0.000000000000000000e+00 0.000000000000000000e+00 1.000000000000000000e+00 6.346120050500085874e-01 -4.352208758766438201e-01 -6.386316561583639251e-01 9.686030412112671684e-01 -6.705668884594091494e-01 1.007127682277466629e-01 -7.349809428942838396e-01 -6.054566356573101160e-01 3.841974116886709423e-01 8.946729723854807137e-01 -2.279311767500327157e-01 1.089603061053463051e+00 0.000000000000000000e+00 0.000000000000000000e+00 0.000000000000000000e+00 1.000000000000000000e+00 8.911906033132560578e-01 1.570928464385577816e-01 4.255598032756222060e-01 1.151242977599565620e+00 -3.177194663756621185e-01 8.857473575979580849e-01 3.383872917149806647e-01 -6.408755305062348029e-01 -3.237802483971483070e-01 -4.367762082646749477e-01 8.392811773427391042e-01 -9.221213399563623625e-01 0.000000000000000000e+00 0.000000000000000000e+00 0.000000000000000000e+00 1.000000000000000000e+00
2.235089423443075152e-01 -3.965058940581668301e-01 -8.904082370852500761e-01 1.110000000000002629e+01 4.964922523594905712e-02 9.169640445994970968e-01 -3.958685329060666613e-01 3.552713678800500929e-14 9.734365449918135349e-01 4.427207798223775637e-02 2.246358742176672862e-01 -2.842170943040400743e-14 0.000000000000000000e+00 0.000000000000000000e+00 0.000000000000000000e+00 1.000000000000000000e+00 2.629034304704492842e-01 2.735390853803700284e-01 -9.252341082213411116e-01 9.686030412112600629e-01 -8.862612317376428184e-01 4.474970633673790443e-01 -1.195299435139510758e-01 -6.054566356573154451e-01 3.813434349320124483e-01 8.514239525916821316e-01 3.600755998223309495e-01 1.089603061053466604e+00 0.000000000000000000e+00 0.000000000000000000e+00 0.000000000000000000e+00 1.000000000000000000e+00 7.935941908687530466e-01 4.199233002569435769e-01 4.403097570128171045e-01 1.151242977599565620e+00 -2.181812118885415597e-01 8.719342611303371182e-01 -4.383236282085879454e-01 -6.408755305062463492e-01 -5.679834671873966734e-01 2.517837686754447191e-01 7.835813390027697167e-01 -9.221213399563552571e-01 0.000000000000000000e+00 0.000000000000000000e+00 0.000000000000000000e+00 1.000000000000000000e+00
6.606491526943170101e-01 -2.176078593945525164e-01 -7.184633021762500960e-01 1.110000000000002984e+01 -5.433431909489034872e-01 5.217873941416011352e-01 -6.576595564305141028e-01 1.065814103640150279e-14 5.179969825141303996e-01 8.248543719012695341e-01 2.264826511272279852e-01 2.842170943040400743e-14 0.000000000000000000e+00 0.000000000000000000e+00 0.000000000000000000e+00 1.000000000000000000e+00 3.908946884215702688e-02 3.127267501672161276e-01 -9.490384571530752211e-01 9.686030412112671684e-01 -8.103754261700601980e-01 5.655836708538216628e-01 1.529927446750627140e-01 -6.054566356572763652e-01 5.846055782194786721e-01 7.630970390411480064e-01 2.755344387210090229e-01 1.089603061053470157e+00 0.000000000000000000e+00 0.000000000000000000e+00 0.000000000000000000e+00 1.000000000000000000e+00 8.770497099600470525e-01 -8.498321751049842110e-02 4.728230736761485087e-01 1.151242977599565620e+00 -1.024148551417226188e-01 9.285265013846768500e-01 3.568609444484388549e-01 -6.408755305062001639e-01 -4.693559456375270278e-01 -3.614088944227785705e-01 8.056603548188328023e-01 -9.221213399563268354e-01 0.000000000000000000e+00 0.000000000000000000e+00 0.000000000000000000e+00 1.000000000000000000e+00
8.516266937923252511e-01 3.193141588545020948e-01 4.156566399991643568e-01 1.110000000000005116e+01 -4.058198007862258705e-01 9.035766359356942612e-01 1.373300851269003975e-01 3.907985046680551022e-14 -3.317261878570654798e-01 -2.856356611947736268e-01 8.990939913844622211e-01 0.000000000000000000e+00 0.000000000000000000e+00 0.000000000000000000e+00 0.000000000000000000e+00 1.000000000000000000e+00 -3.011225650247413288e-01 -7.980606861070536073e-01 -5.219428533117966840e-01 9.686030412112884846e-01 2.155962910627368112e-02 5.415101224695622051e-01 -8.404177352101749321e-01 -6.054566356572852470e-01 9.533416927973519250e-01 -2.643216384508442207e-01 -1.458550246681300511e-01 1.089603061053480815e+00 0.000000000000000000e+00 0.000000000000000000e+00 0.000000000000000000e+00 1.000000000000000000e+00 7.142148325443693491e-01 5.311713095544218222e-01 4.558006284329357838e-01 1.151242977599594042e+00 -4.971773137816634103e-01 8.433773716285725142e-01 -2.037874571354432729e-01 -6.408755305062161511e-01 -4.926579864718200197e-01 -8.106570749164759837e-02 8.664389530915670434e-01 -9.221213399563339408e-01 0.000000000000000000e+00 0.000000000000000000e+00 0.000000000000000000e+00 1.000000000000000000e+00
3.153833985901611792e-01 -5.988829816670719897e-01 7.361198857273705265e-01 1.109999999999998721e+01 6.121200051467223791e-01 7.211428155247048277e-01 3.244412719064548867e-01 -7.105427357601001859e-15 -7.251499232523548333e-01 3.482703172632704014e-01 5.940247258493915883e-01 3.552713678800500929e-14 0.000000000000000000e+00 0.000000000000000000e+00 0.000000000000000000e+00 1.000000000000000000e+00 1.698448515897116318e-01 -3.741290188929038418e-01 -9.116908487040451536e-01 9.686030412112636157e-01 -5.081540561751280993e-01 7.594057073030542337e-01 -4.063033680740447129e-01 -6.054566356572887997e-01 8.443531142722418004e-01 5.322879379976416248e-01 -6.113402882998308918e-02 1.089603061053452393e+00 0.000000000000000000e+00 0.000000000000000000e+00 0.000000000000000000e+00 1.000000000000000000e+00 7.859266885078877163e-01 6.148112663745614048e-01 -6.577497267147849880e-02 1.151242977599576278e+00 -6.066075500243847118e-01 7.460581072977003902e-01 -2.746353596840482303e-01 -6.408755305062197039e-01 -1.197769616597416237e-01 2.557428538088230563e-01 9.592961337258061327e-01 -9.221213399563765734e-01 0.000000000000000000e+00 0.000000000000000000e+00 0.000000000000000000e+00 1.000000000000000000e+00
9.583833167555804167e-01 1.309755771385162915e-01 -2.536667427113877826e-01 1.110000000000002629e+01 5.235119833739754897e-02 7.928518065266102477e-01 6.071617288005964896e-01 2.486899575160350651e-14 2.806434930605220535e-01 -5.951734294142533299e-01 7.529992156184928120e-01 -4.263256414560601115e-14 0.000000000000000000e+00 0.000000000000000000e+00 0.000000000000000000e+00 1.000000000000000000e+00 -1.787311361560719458e-01 -7.167742814937824170e-01 -6.740102449944151974e-01 9.686030412112671684e-01 3.285517302065116274e-01 6.022386573670506227e-01 -7.275729242839097388e-01 -6.054566356573118924e-01 9.274205850350030200e-01 -3.514871675634888004e-01 1.278586308839910757e-01 1.089603061053441735e+00 0.000000000000000000e+00 0.000000000000000000e+00 0.000000000000000000e+00 1.000000000000000000e+00 9.031707348719228978e-01 2.412354669987916700e-01 3.550888242859605581e-01 1.151242977599574502e+00 -3.954108853674359603e-01 7.895334937850234658e-01 4.693475193548536373e-01 -6.408755305062356911e-01 -1.671312520262181744e-01 -5.643069303610307452e-01 8.084706753758355013e-01 -9.221213399563730206e-01 0.000000000000000000e+00 0.000000000000000000e+00 0.000000000000000000e+00 1.000000000000000000e+00
2.338472695255933154e-01 4.189901061639503821e-01 8.773612400101489239e-01 1.110000000000005826e+01 -8.148010279482718055e-01 -4.078991365117130563e-01 4.119679347806559089e-01 -5.684341886080801487e-14 5.304853809388759833e-01 -8.112124169227938886e-01 2.460074698874306076e-01 -6.039613253960851580e-14 0.000000000000000000e+00 0.000000000000000000e+00 0.000000000000000000e+00 1.000000000000000000e+00 6.911523159619278323e-01 5.160676899673318774e-01 -5.059472457798790401e-01 9.686030412112494048e-01 -7.179850738447705050e-01 4.103940703370777543e-01 -5.622047142885634452e-01 -6.054566356573189978e-01 -8.249793862020429747e-02 7.518316609480791834e-01 6.541737106606084762e-01 1.089603061053452393e+00 0.000000000000000000e+00 0.000000000000000000e+00 0.000000000000000000e+00 1.000000000000000000e+00 6.273555173067720814e-01 3.755341041752083275e-01 6.822017234704675914e-01 1.151242977599565620e+00 -6.096889099873572526e-01 7.818612230406856156e-01 1.302783978399774667e-01 -6.408755305062499019e-01 -4.844630924468661948e-01 -4.976616968450023881e-01 7.194639306804562207e-01 -9.221213399563552571e-01 0.000000000000000000e+00 0.000000000000000000e+00 0.000000000000000000e+00 1.000000000000000000e+00
