9.201958286256939346e-01 3.316848316548898223e-01 -2.079057705546915324e-01 1.540080676525156456e+00 -3.373421066816377767e-01 9.413419539755046861e-01 8.696478895124249570e-03 -4.557088464815421958e-01 1.985949144350558637e-01 6.213290702716413316e-02 9.781101992234242370e-01 9.963684965941181915e-01 0.000000000000000000e+00 0.000000000000000000e+00 0.000000000000000000e+00 1.000000000000000000e+00 9.876252354856299709e-01 -1.020790055903606358e-01 1.190641459451042550e-01 2.882089864393897471e+00 9.569510659052633816e-02 9.937095544045519979e-01 5.817016468718715777e-02 -7.105427357601001859e-15 -1.242531319789636768e-01 -4.605646646009435574e-02 9.911810939937406584e-01 7.105427357601001859e-15 0.000000000000000000e+00 0.000000000000000000e+00 0.000000000000000000e+00 1.000000000000000000e+00 9.969088615710077761e-01 6.956394068520263541e-02 3.651821295658949640e-02 1.799519489222632274e+00 -6.975855749533824146e-02 9.975555571539328481e-01 4.080937083094367951e-03 0.000000000000000000e+00 -3.614506020698818323e-02 -6.615780199809770216e-03 9.993246549920505872e-01 -4.440892098500626162e-16 0.000000000000000000e+00 0.000000000000000000e+00 0.000000000000000000e+00 1.000000000000000000e+00 9.279713024659906884e-01 3.681647053754938392e-01 -5.765424108726673047e-02 1.668716634372269247e+00 -3.698425996972464214e-01 9.288477076938950194e-01 -2.140998274121252987e-02 -4.707447412296517086e-01 4.566960968472594945e-02 4.119084397742388964e-02 9.981070088540968666e-01 2.146113974793504298e-01 0.000000000000000000e+00 0.000000000000000000e+00 0.000000000000000000e+00 1.000000000000000000e+00 9.836475909305886223e-01 -1.614539610832117222e-01 7.981250094433954556e-02 2.692180433473666312e+00 1.578274119844913781e-01 9.862065238904323961e-01 4.987183836823811528e-02 1.421085471520200372e-14 -8.676361497037270165e-02 -3.645971319814224343e-02 9.955615322172618464e-01 4.440892098500626162e-15 0.000000000000000000e+00 0.000000000000000000e+00 0.000000000000000000e+00 1.000000000000000000e+00
7.224055982619852490e-01 3.935094443537289211e-01 -5.685775838037960828e-01 1.540080676525139580e+00 -5.647085912724125745e-01 8.102770075390841598e-01 -1.567015570970316796e-01 -4.557088464854786025e-01 3.990418004957256848e-01 4.342827284821795253e-01 8.075668103625872618e-01 9.963684965491310663e-01 0.000000000000000000e+00 0.000000000000000000e+00 0.000000000000000000e+00 1.000000000000000000e+00 8.360154949247839973e-01 -5.124370708778371863e-01 1.961793583326518486e-01 2.882089864393890366e+00 4.875612274673852276e-01 8.577700793610656405e-01 1.628328603918996476e-01 0.000000000000000000e+00 -2.517183777878865270e-01 -4.048134561812050808e-02 9.669535247057022831e-01 3.108624468950438313e-15 0.000000000000000000e+00 0.000000000000000000e+00 0.000000000000000000e+00 1.000000000000000000e+00 9.737987680268683777e-01 2.184555711858365556e-01 6.319116083142765905e-02 1.799519489222634050e+00 -1.866330424448501835e-01 9.264790763420337472e-01 -3.268097742849666587e-01 -4.263256414560601115e-14 -1.299387042306186790e-01 3.064533969762482379e-01 9.429752110339835180e-01 -4.440892098500626162e-15 0.000000000000000000e+00 0.000000000000000000e+00 0.000000000000000000e+00 1.000000000000000000e+00 9.765190993160479671e-01 1.615251415146332914e-01 -1.425485086896810527e-01 1.668716634372245267e+00 -2.109686686804241595e-01 8.509829463987346188e-01 -4.809576340736654854e-01 -4.707447412342276039e-01 4.361960002319839602e-02 4.997375847354351142e-01 8.650778444143683021e-01 2.146113974343712982e-01 0.000000000000000000e+00 0.000000000000000000e+00 0.000000000000000000e+00 1.000000000000000000e+00 8.248212752880971221e-01 -4.044163772652261124e-01 -3.951167645542104645e-01 2.692180433473678747e+00 5.329778395423748760e-01 7.893808035470069040e-01 3.046515543177553131e-01 0.000000000000000000e+00 1.886915111732893058e-01 -4.618715630899482560e-01 8.666430480999592900e-01 1.065814103640150279e-14 0.000000000000000000e+00 0.000000000000000000e+00 0.000000000000000000e+00 1.000000000000000000e+00
7.572913930210481981e-01 1.661527972847793300e-01 -6.315876772156684416e-01 1.540080676525143133e+00 -5.053189959017471145e-01 7.617209412988891204e-01 -4.055045252122157495e-01 -4.557088464854786025e-01 4.137178488258520526e-01 6.262383376488358522e-01 6.608048774197510244e-01 9.963684965491195200e-01 0.000000000000000000e+00 0.000000000000000000e+00 0.000000000000000000e+00 1.000000000000000000e+00 8.400519587334458471e-01 1.607440480475477440e-01 5.181448230421573653e-01 2.882089864393904577e+00 -4.031547175254324156e-01 8.240657680939322827e-01 3.979722145988917048e-01 -1.421085471520200372e-14 -3.630137467990568467e-01 -5.432098681661123862e-01 7.570627838969929968e-01 0.000000000000000000e+00 0.000000000000000000e+00 0.000000000000000000e+00 0.000000000000000000e+00 1.000000000000000000e+00 3.427898973848182429e-01 9.241000445077418579e-01 1.689206736657636598e-01 1.799519489222628721e+00 -8.903071649385261299e-01 3.769516525411448216e-01 -2.554615503468656845e-01 0.000000000000000000e+00 -2.997469571322283199e-01 -6.282164744170334880e-02 9.519481090388700606e-01 5.329070518200751394e-15 0.000000000000000000e+00 0.000000000000000000e+00 0.000000000000000000e+00 1.000000000000000000e+00 9.236115509922508959e-01 2.941932302598139204e-01 -2.457479321235170600e-01 1.668716634372247043e+00 -3.216367415625945858e-01 9.435375440910895861e-01 -7.928877201440287514e-02 -4.707447412342347093e-01 2.085461803790359669e-01 1.522735898304473090e-01 9.660855264879312232e-01 2.146113974343615283e-01 0.000000000000000000e+00 0.000000000000000000e+00 0.000000000000000000e+00 1.000000000000000000e+00 2.959810412421912673e-01 8.992600973927609154e-01 -3.220659877452917152e-01 2.692180433473680523e+00 -8.589218759603449715e-01 3.980824205074354749e-01 3.221546173496555032e-01 0.000000000000000000e+00 4.179096005381425782e-01 1.812778632930767131e-01 8.902190191508754236e-01 5.329070518200751394e-15 0.000000000000000000e+00 0.000000000000000000e+00 0.000000000000000000e+00 1.000000000000000000e+00
7.648603321446540981e-01 5.489539576257885800e-01 -3.371026916513027438e-01 1.540080676525169778e+00 -5.835763499985556768e-01 8.120564985092546539e-01 -1.699103072890936327e-03 -4.557088464854999188e-01 2.728137020641241972e-01 1.980247349092351672e-01 9.414663500785327432e-01 9.963684965491381718e-01 0.000000000000000000e+00 0.000000000000000000e+00 0.000000000000000000e+00 1.000000000000000000e+00 5.548002572689262335e-01 8.001608565560980324e-01 2.279019047084614724e-01 2.882089864393892142e+00 -7.464551381866195712e-01 3.577545025990551686e-01 5.610850582085546989e-01 0.000000000000000000e+00 3.674253682166324086e-01 -4.814086824160050404e-01 7.957664728331785842e-01 1.421085471520200372e-14 0.000000000000000000e+00 0.000000000000000000e+00 0.000000000000000000e+00 1.000000000000000000e+00 9.601426321754193971e-01 1.402661930224979037e-01 -2.417674936260718332e-01 1.799519489222636714e+00 -2.240870137680023577e-01 9.032859755688505965e-01 -3.658680863387361870e-01 -1.065814103640150279e-14 1.670662627217010809e-01 4.054625031190988160e-01 8.987152065168355630e-01 1.421085471520200372e-14 0.000000000000000000e+00 0.000000000000000000e+00 0.000000000000000000e+00 1.000000000000000000e+00 9.475956208491790322e-01 2.638415982511622682e-01 -1.801392527455668857e-01 1.668716634372280794e+00 -1.396138739392230876e-01 8.491729572287753935e-01 5.093262755003113984e-01 -4.707447412342489201e-01 2.873508405262488186e-01 -4.574854093231922048e-01 8.415085232516956726e-01 2.146113974343961672e-01 0.000000000000000000e+00 0.000000000000000000e+00 0.000000000000000000e+00 1.000000000000000000e+00 7.430182876339637144e-01 6.532028363659346804e-01 1.457733816750857170e-01 2.692180433473669865e+00 -6.688580210764626388e-01 7.323833485219766182e-01 1.274502979573414185e-01 6.217248937900876626e-15 -2.351110127515250101e-02 -1.921995977395240252e-01 9.810741780036791315e-01 4.263256414560601115e-14 0.000000000000000000e+00 0.000000000000000000e+00 0.000000000000000000e+00 1.000000000000000000e+00
8.909207227533468831e-01 1.693238203688660903e-01 -4.214139409468390385e-01 1.540080676525132475e+00 -4.217231016925684917e-01 6.528109736577945021e-01 -6.292753436857048133e-01 -4.557088464854643917e-01 1.685523398456796329e-01 7.383544382799187566e-01 6.530105911889119152e-01 9.963684965491097500e-01 0.000000000000000000e+00 0.000000000000000000e+00 0.000000000000000000e+00 1.000000000000000000e+00 7.636617547615429658e-01 -5.586233356498967462e-01 -3.236675658478986306e-01 2.882089864393897471e+00 4.648843546802147175e-01 8.236685750761957303e-01 -3.247346843278517969e-01 -1.421085471520200372e-14 4.479991753207602234e-01 9.751947138562673534e-02 8.886994382875386123e-01 3.552713678800500929e-15 0.000000000000000000e+00 0.000000000000000000e+00 0.000000000000000000e+00 1.000000000000000000e+00 8.396401694937581928e-01 3.104959323097010726e-01 -4.456418537251887746e-01 1.799519489222639379e+00 -4.403070212380759130e-01 8.695171556387385481e-01 -2.237624702633805029e-01 0.000000000000000000e+00 3.180159002643508925e-01 3.840991956110390571e-01 8.667950710000646986e-01 -7.105427357601001859e-15 0.000000000000000000e+00 0.000000000000000000e+00 0.000000000000000000e+00 1.000000000000000000e+00 8.589372979632160510e-01 5.115665283802898200e-01 -2.294352214869475881e-02 1.668716634372241714e+00 -4.928715833140348557e-01 8.137300532652245177e-01 -3.080925230746299204e-01 -4.707447412342240511e-01 -1.389399889490635087e-01 2.759403693806202207e-01 9.510796980363532827e-01 2.146113974343464292e-01 0.000000000000000000e+00 0.000000000000000000e+00 0.000000000000000000e+00 1.000000000000000000e+00 4.747059519444535303e-01 6.608117757432422357e-01 -5.813622418316941598e-01 2.692180433473694734e+00 -7.677812594588562245e-01 6.338465600245785092e-01 9.354397879489985412e-02 7.105427357601001859e-15 4.303094198507424473e-01 4.019531507328576447e-01 8.082496321085745894e-01 1.421085471520200372e-14 0.000000000000000000e+00 0.000000000000000000e+00 0.000000000000000000e+00 1.000000000000000000e+00
7.453848865514215438e-01 6.506576680676985358e-01 1.450722919286412393e-01 1.540080676525157344e+00 -6.665121983932784655e-01 7.232215478017394172e-01 1.808648174416886689e-01 -4.557088464854857079e-01 1.276167284032151718e-02 -2.315063536492268370e-01 9.727496841049888543e-01 9.963684965491239609e-01 0.000000000000000000e+00 0.000000000000000000e+00 0.000000000000000000e+00 1.000000000000000000e+00 6.509833646712821498e-01 7.458120948210236190e-01 1.413682359652725651e-01 2.882089864393861944e+00 -6.171411271468374427e-01 6.284271204159409541e-01 -4.735147130867842780e-01 -2.131628207280300558e-14 -4.419926335417680430e-01 2.210060486602232754e-01 8.693669181366446841e-01 1.421085471520200372e-14 0.000000000000000000e+00 0.000000000000000000e+00 0.000000000000000000e+00 1.000000000000000000e+00 8.450936504556261220e-01 5.325363261289368655e-01 4.713579651049457780e-02 1.799519489222646484e+00 -5.124827833195328974e-01 8.320557541941062674e-01 -2.122371756162001188e-01 1.421085471520200372e-14 -1.522436164857126628e-01 1.552040053142049736e-01 9.760807333278224140e-01 2.220446049250313081e-15 0.000000000000000000e+00 0.000000000000000000e+00 0.000000000000000000e+00 1.000000000000000000e+00 9.073474769415096342e-01 1.523975800654542301e-02 -4.201051128750740160e-01 1.668716634372252372e+00 -3.018883164984066392e-01 7.190737346689408671e-01 -6.259364252629969760e-01 -4.707447412342347093e-01 2.925474328201062013e-01 6.947666614663973172e-01 6.570504437752111571e-01 2.146113974343748509e-01 0.000000000000000000e+00 0.000000000000000000e+00 0.000000000000000000e+00 1.000000000000000000e+00 8.426773157725154784e-01 5.123669797318095576e-01 1.654539801967051249e-01 2.692180433473666312e+00 -5.239333427322860892e-01 7.095282453255931099e-01 4.712361631481160607e-01 7.105427357601001859e-15 1.240515774015028688e-01 -4.837868819694148281e-01 8.663495016322860787e-01 5.329070518200751394e-15 0.000000000000000000e+00 0.000000000000000000e+00 0.000000000000000000e+00 1.000000000000000000e+00
8.943762998953418419e-01 2.774467773580140406e-01 -3.508765023753658285e-01 1.540080676525136028e+00 -4.384645303818123785e-01 6.990273182540396313e-01 -5.648979234619494472e-01 -4.557088464855070242e-01 8.854315209305720080e-02 6.590782154404880577e-01 7.468440373660403253e-01 9.963684965491115264e-01 0.000000000000000000e+00 0.000000000000000000e+00 0.000000000000000000e+00 1.000000000000000000e+00 8.904685563618954802e-01 -1.518353647203726231e-01 4.289659335553269726e-01 2.882089864393897471e+00 1.949283900371770739e-01 9.790960807500860286e-01 -5.808431300562288957e-02 -1.421085471520200372e-14 -4.111796114695814852e-01 1.353398931581240305e-01 9.014512967607688498e-01 0.000000000000000000e+00 0.000000000000000000e+00 0.000000000000000000e+00 0.000000000000000000e+00 1.000000000000000000e+00 8.671492454560123520e-01 -1.772299291210406025e-01 4.654478900251018403e-01 1.799519489222632274e+00 3.806737298911672673e-01 8.384690333256169525e-01 -3.899451134772073946e-01 -1.065814103640150279e-14 -3.211536975901335689e-01 5.153243952868488131e-01 7.945445677533945483e-01 3.552713678800500929e-15 0.000000000000000000e+00 0.000000000000000000e+00 0.000000000000000000e+00 1.000000000000000000e+00 8.526836134205862949e-01 4.815942762068707861e-01 -2.024786619098229989e-01 1.668716634372259477e+00 -4.326001666414287516e-01 8.681739259510488083e-01 2.431689332964862560e-01 -4.707447412342595783e-01 2.928954612584842576e-01 -1.197538618313544745e-01 9.486154443981272832e-01 2.146113974343517583e-01 0.000000000000000000e+00 0.000000000000000000e+00 0.000000000000000000e+00 1.000000000000000000e+00 9.989792284477546636e-01 1.591634392848449708e-02 4.227494678741697959e-02 2.692180433473673418e+00 -3.288624002080005326e-02 8.978435824448391944e-01 4.390847260836016619e-01 1.421085471520200372e-14 -3.096766615718839558e-02 -4.400267849331075953e-01 8.974505179641992791e-01 -1.776356839400250465e-15 0.000000000000000000e+00 0.000000000000000000e+00 0.000000000000000000e+00 1.000000000000000000e+00
7.660619540521960147e-01 5.859552977532810347e-01 -2.642072512036618415e-01 1.540080676525128922e+00 -6.401938969161442561e-01 6.588165984471698877e-01 -3.951106983641695103e-01 -4.557088464854786025e-01 -5.745308438241025772e-02 4.718231433973584243e-01 8.798193362557925612e-01 9.963684965491159673e-01 0.000000000000000000e+00 0.000000000000000000e+00 0.000000000000000000e+00 1.000000000000000000e+00 6.000010844334537907e-01 6.562411783914343655e-01 4.575436749230624711e-01 2.882089864393918788e+00 -7.959976013491101288e-01 4.325875840438400122e-01 4.233861131137592326e-01 -3.552713678800500929e-15 7.991568885483479878e-02 -6.182357947535350728e-01 7.819194234448469949e-01 -8.881784197001252323e-16 0.000000000000000000e+00 0.000000000000000000e+00 0.000000000000000000e+00 1.000000000000000000e+00 7.485854257915149912e-01 3.552602466996828134e-01 5.598303469868497473e-01 1.799519489222625168e+00 -3.779465449535824306e-01 9.223693072402699977e-01 -7.994542024878044384e-02 -2.131628207280300558e-14 -5.447717590424321354e-01 -1.517399689468301727e-01 8.247416033969847682e-01 -1.065814103640150279e-14 0.000000000000000000e+00 0.000000000000000000e+00 0.000000000000000000e+00 1.000000000000000000e+00 9.534858341614245170e-01 1.746686246653378072e-01 -2.456738398995949590e-01 1.668716634372238161e+00 -2.512933614348232814e-01 9.107138873671287715e-01 -3.277985080128338891e-01 -4.707447412342276039e-01 1.664824631974183566e-01 3.742874388944570918e-01 9.122458564079906074e-01 2.146113974343561992e-01 0.000000000000000000e+00 0.000000000000000000e+00 0.000000000000000000e+00 1.000000000000000000e+00 9.704651157015294904e-01 7.485572890329242335e-02 2.293339901906688849e-01 2.692180433473694734e+00 -1.038766788732113089e-01 9.876614785319930423e-01 1.171940246355131915e-01 0.000000000000000000e+00 -2.177317036921558591e-01 -1.375551659311795016e-01 9.662667755506016976e-01 6.217248937900876626e-15 0.000000000000000000e+00 0.000000000000000000e+00 0.000000000000000000e+00 1.000000000000000000e+00
9.549588700578414135e-01 2.747663244839482211e-01 -1.120581252182651782e-01 1.540080676525171555e+00 -2.804651570985827735e-01 9.590948266784685705e-01 -3.842406917890882345e-02 -4.557088464854630594e-01 9.691672792412044102e-02 6.812180537962850280e-02 9.929584923249823447e-01 9.963684965491097500e-01 0.000000000000000000e+00 0.000000000000000000e+00 0.000000000000000000e+00 1.000000000000000000e+00 9.071169506085610124e-01 3.494623842947729431e-01 2.345525098600264591e-01 2.882089864393904577e+00 -4.061004393988423833e-01 8.731281546994400511e-01 2.696843684591636037e-01 -1.421085471520200372e-14 -1.105498577054377235e-01 -3.398871392597300756e-01 9.339461769969104044e-01 2.842170943040400743e-14 0.000000000000000000e+00 0.000000000000000000e+00 0.000000000000000000e+00 1.000000000000000000e+00 8.987184735567235183e-01 -2.429378691079485952e-01 3.650839588932414670e-01 1.799519489222634050e+00 2.446235741926990059e-01 9.686901280482722587e-01 4.241158769736182166e-02 -3.552713678800500929e-15 -3.639566076293461738e-01 5.119206554839499795e-02 9.300080430769548379e-01 -7.105427357601001859e-15 0.000000000000000000e+00 0.000000000000000000e+00 0.000000000000000000e+00 1.000000000000000000e+00 8.991056347963258810e-01 4.373591324858610019e-01 -1.805676351705740035e-02 1.668716634372277241e+00 -3.387148207353966045e-01 7.212613777067835574e-01 6.041972320713664413e-01 -4.707447412342298243e-01 2.772748234003296064e-01 -5.371210424659673688e-01 7.966301890140672359e-01 2.146113974343535347e-01 0.000000000000000000e+00 0.000000000000000000e+00 0.000000000000000000e+00 1.000000000000000000e+00 7.554832843181533697e-01 6.350170817562651449e-01 1.612399236963756310e-01 2.692180433473680523e+00 -6.243253944709240555e-01 7.723970256292442826e-01 -1.167074831269250823e-01 1.421085471520200372e-14 -1.986524828301453605e-01 -1.249562630896658422e-02 9.799903317832097116e-01 0.000000000000000000e+00 0.000000000000000000e+00 0.000000000000000000e+00 0.000000000000000000e+00 1.000000000000000000e+00
9.818658532094373115e-01 6.092124390209288642e-02 -1.795217210889128168e-01 1.540080676525164449e+00 -1.365510992352597930e-01 8.841480642721010197e-01 -4.468064432632311567e-01 -4.557088464854501808e-01 1.315037778884923514e-01 4.632178779854232431e-01 8.764336563116089662e-01 9.963684965491115264e-01 0.000000000000000000e+00 0.000000000000000000e+00 0.000000000000000000e+00 1.000000000000000000e+00 9.051190838163638563e-01 -4.246250726181625135e-01 2.128360438098787777e-02 2.882089864393918788e+00 4.248861480636062504e-01 9.016155475406469888e-01 -8.100102231855264845e-02 -2.131628207280300558e-14 1.520543636655792216e-02 8.235867979150483797e-02 9.964867498205397522e-01 3.552713678800500929e-15 0.000000000000000000e+00 0.000000000000000000e+00 0.000000000000000000e+00 1.000000000000000000e+00 4.904601983714663715e-01 8.499694420830896657e-01 1.923557676244282699e-01 1.799519489222639379e+00 -8.557751069413059852e-01 4.280575780860638169e-01 2.905437594970671222e-01 -7.105427357601001859e-15 1.646139731402471440e-01 -3.071134275280952286e-01 9.373278948579986114e-01 -7.105427357601001859e-15 0.000000000000000000e+00 0.000000000000000000e+00 0.000000000000000000e+00 1.000000000000000000e+00 9.422492877765096253e-01 1.958421754809300808e-01 -2.716838640544500527e-01 1.668716634372259477e+00 -1.934258889686351068e-01 9.804570532033091146e-01 3.592203085262154344e-02 -4.707447412342133930e-01 2.734094094235849925e-01 1.870318493679735961e-02 9.617159069662237769e-01 2.146113974343570874e-01 0.000000000000000000e+00 0.000000000000000000e+00 0.000000000000000000e+00 1.000000000000000000e+00 8.669417392406382206e-01 -9.843439289960138894e-02 4.885925614015261265e-01 2.692180433473666312e+00 -6.662827252384478927e-02 9.486157994359091239e-01 3.093359635752999659e-01 7.105427357601001859e-15 -4.939359210088951069e-01 -3.007303366058335370e-01 8.158361174782816638e-01 6.217248937900876626e-15 0.000000000000000000e+00 0.000000000000000000e+00 0.000000000000000000e+00 1.000000000000000000e+00
9.027846528413544513e-01 1.611285053789539012e-01 -3.987699529157876510e-01 1.540080676525171555e+00 -3.820129085363286880e-01 7.263841687692852433e-01 -5.713424341609584234e-01 -4.557088464854643917e-01 1.976006283029728694e-01 6.681344506277900885e-01 7.173216486197606656e-01 9.963684965490955392e-01 0.000000000000000000e+00 0.000000000000000000e+00 0.000000000000000000e+00 1.000000000000000000e+00 9.741115949514335126e-01 -2.259929587923747429e-01 5.812328057008763448e-03 2.882089864393901024e+00 2.208144562069321859e-01 9.566716045824984471e-01 1.897904552805133871e-01 -1.421085471520200372e-14 -4.845179574805354855e-02 -1.835936370406549278e-01 9.818074148869385676e-01 0.000000000000000000e+00 0.000000000000000000e+00 0.000000000000000000e+00 0.000000000000000000e+00 1.000000000000000000e+00 9.339648428899594013e-01 3.134223254719473162e-01 -1.716861035182821460e-01 1.799519489222639379e+00 -3.560606611701971347e-01 8.571400785984588655e-01 -3.721984567771202124e-01 -1.243449787580175325e-14 3.050373440376840523e-02 4.087509407401829220e-01 9.121360592759393260e-01 -1.421085471520200372e-14 0.000000000000000000e+00 0.000000000000000000e+00 0.000000000000000000e+00 1.000000000000000000e+00 8.944257563822961554e-01 4.262771498857458319e-01 1.352418493116787912e-01 1.668716634372273688e+00 -4.257631566664387135e-01 7.191111411314023982e-01 5.491856709038592799e-01 -4.707447412342169457e-01 1.368513819637457163e-01 -5.487868057688501944e-01 8.246846312795184097e-01 2.146113974343393238e-01 0.000000000000000000e+00 0.000000000000000000e+00 0.000000000000000000e+00 1.000000000000000000e+00 7.842182556904415680e-01 -6.072396134012177926e-01 1.275216819140211622e-01 2.692180433473666312e+00 6.123508900450475023e-01 7.905853193001786128e-01 -1.113718129858464129e-03 -1.421085471520200372e-14 -1.001404758470790662e-01 7.896141350922071533e-02 9.918351578129031010e-01 0.000000000000000000e+00 0.000000000000000000e+00 0.000000000000000000e+00 0.000000000000000000e+00 1.000000000000000000e+00
9.254026055405366602e-01 3.186891668057768023e-01 -2.051029805230182579e-01 1.540080676525150238e+00 -1.746750343670962491e-01 8.389398714512588118e-01 5.154304263993338964e-01 -4.557088464854501808e-01 3.363311612498009473e-01 -4.411542893931613141e-01 8.320241840970581393e-01 9.963684965491168555e-01 0.000000000000000000e+00 0.000000000000000000e+00 0.000000000000000000e+00 1.000000000000000000e+00 2.811693479137977736e-01 8.354050103962965546e-01 4.722735080422081344e-01 2.882089864393911682e+00 -8.738764731938436503e-01 1.950834949241131433e-02 4.857564553337109792e-01 -7.105427357601001859e-15 3.965900999672323790e-01 -5.492885333819065297e-01 7.355259340792374978e-01 5.551115123125782702e-16 0.000000000000000000e+00 0.000000000000000000e+00 0.000000000000000000e+00 1.000000000000000000e+00 7.059855910918689803e-01 7.072251578012253015e-01 -3.764201566994335862e-02 1.799519489222646484e+00 -7.039662274710823953e-01 7.065679814213825516e-01 7.206412568154141329e-02 -1.776356839400250465e-14 7.756220568547939065e-02 -2.437752660022437026e-02 9.966894403203330199e-01 -7.105427357601001859e-15 0.000000000000000000e+00 0.000000000000000000e+00 0.000000000000000000e+00 1.000000000000000000e+00 8.475192938148803368e-01 5.003770671838485562e-01 -1.770136640150044016e-01 1.668716634372245267e+00 -4.760094656144780445e-01 8.641004565273739946e-01 1.635401775546390934e-01 -4.707447412342204984e-01 2.347893422984646816e-01 -5.434327617722489734e-02 9.705260290571192661e-01 2.146113974343588637e-01 0.000000000000000000e+00 0.000000000000000000e+00 0.000000000000000000e+00 1.000000000000000000e+00 5.501951415646458843e-01 7.847988910771900306e-01 2.852648011281308515e-01 2.692180433473676970e+00 -7.708567194093091102e-01 6.086905016680570490e-01 -1.878185063315296055e-01 0.000000000000000000e+00 -3.210377303996791443e-01 -1.165614590810436224e-01 9.398660553061383149e-01 1.776356839400250465e-15 0.000000000000000000e+00 0.000000000000000000e+00 0.000000000000000000e+00 1.000000000000000000e+00
9.484772118418401954e-01 -2.264949978996355293e-02 -3.160347746308837524e-01 1.540080676525192649e+00 -2.025686708908069622e-01 7.236181055324439892e-01 -6.598051007071472629e-01 -4.557088464854572862e-01 2.436327403906563549e-01 6.898288465299935446e-01 6.817472041048924236e-01 9.963684965491523826e-01 0.000000000000000000e+00 0.000000000000000000e+00 0.000000000000000000e+00 1.000000000000000000e+00 9.318054091469848421e-01 3.586014094380426953e-01 -5.606878484031335014e-02 2.882089864393901024e+00 -3.499168414340622646e-01 8.465045958809669369e-01 -4.012333152085082455e-01 -2.842170943040400743e-14 -9.642034829448317690e-02 3.934907855356336581e-01 9.142582338340303760e-01 3.552713678800500929e-15 0.000000000000000000e+00 0.000000000000000000e+00 0.000000000000000000e+00 1.000000000000000000e+00 4.302959263332116757e-01 7.868283973936427422e-01 -4.424324681078404820e-01 1.799519489222642932e+00 -7.369877234916563102e-01 5.892358950365814696e-01 3.311346484785677724e-01 -2.131628207280300558e-14 5.212432361226658761e-01 1.835814071614843834e-01 8.334286746572738824e-01 0.000000000000000000e+00 0.000000000000000000e+00 0.000000000000000000e+00 0.000000000000000000e+00 1.000000000000000000e+00 7.874976512236324666e-01 6.042848255267216917e-01 -1.211911669858893731e-01 1.668716634372293006e+00 -5.927050351740559275e-01 7.964485925238111719e-01 1.198765229148785194e-01 -4.707447412342204984e-01 1.689620981065971805e-01 -2.257186534116634516e-02 9.853640547018329698e-01 2.146113974343890618e-01 0.000000000000000000e+00 0.000000000000000000e+00 0.000000000000000000e+00 1.000000000000000000e+00 8.276147228672502409e-01 5.411246047126331282e-01 1.491242189181931077e-01 2.692180433473673418e+00 -5.184393720088859014e-01 8.387713103874753218e-01 -1.663830112178211473e-01 1.421085471520200372e-14 -2.151150576886626253e-01 6.038916331159201872e-02 9.747197858411048577e-01 0.000000000000000000e+00 0.000000000000000000e+00 0.000000000000000000e+00 0.000000000000000000e+00 1.000000000000000000e+00
9.092051592865493248e-01 3.136575004399971278e-01 -2.737972803817704248e-01 1.540080676525143133e+00 -4.153436234049761588e-01 7.289590822887288546e-01 -5.441583692690938889e-01 -4.557088464855016952e-01 2.890766029179622776e-02 6.084715513206080395e-01 7.930490012665968313e-01 9.963684965491523826e-01 0.000000000000000000e+00 0.000000000000000000e+00 0.000000000000000000e+00 1.000000000000000000e+00 8.640415045544027617e-01 -4.459094870556153944e-01 2.336600260231991300e-01 2.882089864393911682e+00 5.008078891328863191e-01 7.141347091165881622e-01 -4.890839144944647554e-01 -7.105427357601001859e-15 5.122242272312750588e-02 5.396075857405677745e-01 8.403570174762682310e-01 0.000000000000000000e+00 0.000000000000000000e+00 0.000000000000000000e+00 0.000000000000000000e+00 1.000000000000000000e+00 9.145208263398620918e-01 -4.716390592463322318e-02 -4.017800694018908714e-01 1.799519489222635826e+00 -8.395250204928141058e-02 9.494316764840144973e-01 -3.025416815720093355e-01 0.000000000000000000e+00 3.957317722780435143e-01 3.104111107333080710e-01 8.643155134226115921e-01 -3.552713678800500929e-15 0.000000000000000000e+00 0.000000000000000000e+00 0.000000000000000000e+00 1.000000000000000000e+00 7.549614444145660297e-01 6.500583200128838834e-01 -8.635622750849600293e-02 1.668716634372255925e+00 -6.506656908950382290e-01 7.589596528050723823e-01 2.478717624269465708e-02 -4.707447412342471438e-01 8.165400259359331669e-02 3.747567205576149418e-02 9.959559216473460319e-01 2.146113974343961672e-01 0.000000000000000000e+00 0.000000000000000000e+00 0.000000000000000000e+00 1.000000000000000000e+00 7.358923979353686473e-01 3.556962924457166553e-01 -5.761445358599733835e-01 2.692180433473687629e+00 -5.067158375855866925e-01 8.536978044423944034e-01 -1.201628837460746169e-01 1.154631945610162802e-14 4.491118330670772485e-01 3.803685137213732581e-01 8.084666691759921919e-01 0.000000000000000000e+00 0.000000000000000000e+00 0.000000000000000000e+00 0.000000000000000000e+00 1.000000000000000000e+00
9.397013131239124739e-01 1.803823957320220273e-01 -2.905574528783778088e-01 1.540080676525175107e+00 -3.260746576402376307e-01 7.287702423274076136e-01 -6.021372364692731960e-01 -4.557088464854679444e-01 1.031346680704231522e-01 6.605725737631161776e-01 7.436444816133418456e-01 9.963684965490813283e-01 0.000000000000000000e+00 0.000000000000000000e+00 0.000000000000000000e+00 1.000000000000000000e+00 8.112570396667442285e-01 4.755475594196342248e-01 3.401713308337140362e-01 2.882089864393893919e+00 -5.116662030281754481e-01 8.589642655636794411e-01 1.944446356623747568e-02 3.552713678800500929e-15 -2.829482501622523349e-01 -1.898286311773814128e-01 9.401624213482695502e-01 -1.421085471520200372e-14 0.000000000000000000e+00 0.000000000000000000e+00 0.000000000000000000e+00 1.000000000000000000e+00 1.472107914239062509e-01 9.838603700230569293e-01 -1.017239164918483513e-01 1.799519489222625168e+00 -8.629288841347049210e-01 7.748732142129965972e-02 -4.993490321858901071e-01 -1.287858708565181587e-14 -4.834074097636279488e-01 1.612900719729690735e-01 8.604085011601025901e-01 2.842170943040400743e-14 0.000000000000000000e+00 0.000000000000000000e+00 0.000000000000000000e+00 1.000000000000000000e+00 7.980678358110812054e-01 5.812285953966712659e-01 -1.589372496837349602e-01 1.668716634372277241e+00 -6.014883962235358927e-01 7.842061825625716853e-01 -1.524216928100366741e-01 -4.707447412342204984e-01 3.604772742151560877e-02 2.172417619240168407e-01 9.754519866317833410e-01 2.146113974343251130e-01 0.000000000000000000e+00 0.000000000000000000e+00 0.000000000000000000e+00 1.000000000000000000e+00 8.417558446770687652e-01 3.158086748258236431e-01 4.378492649951026272e-01 2.692180433473675194e+00 -4.334771980298720018e-01 8.788063349334221952e-01 1.994917152892741741e-01 1.421085471520200372e-14 -3.217834935794027240e-01 -3.577209898589163717e-01 8.766362282464668088e-01 -1.421085471520200372e-14 0.000000000000000000e+00 0.000000000000000000e+00 0.000000000000000000e+00 1.000000000000000000e+00
9.857061766033452521e-01 1.166245769355529760e-01 -1.215814190598959732e-01 1.540080676525164449e+00 -7.184257999346230217e-02 9.437350780316589027e-01 3.228045015058830236e-01 -4.557088464854786025e-01 1.523875884247064272e-01 -3.094556681451835489e-01 9.386241059907423079e-01 9.963684965491239609e-01 0.000000000000000000e+00 0.000000000000000000e+00 0.000000000000000000e+00 1.000000000000000000e+00 7.600805388262636964e-01 1.368612319163458879e-01 6.352531603195035181e-01 2.882089864393904577e+00 1.648426788430184808e-01 9.049861586593417329e-01 -3.922077814970863496e-01 0.000000000000000000e+00 -6.285733574766227960e-01 4.028263345827193254e-01 6.653017950052568796e-01 0.000000000000000000e+00 0.000000000000000000e+00 0.000000000000000000e+00 0.000000000000000000e+00 1.000000000000000000e+00 2.962670416116316430e-01 9.486258156747453540e-01 1.110626034726187594e-01 1.799519489222632274e+00 -8.739946437197533280e-01 3.161625486811504571e-01 -3.690184352584853777e-01 -1.421085471520200372e-14 -3.851742499231659012e-01 1.225987956154526125e-02 9.227624247601670104e-01 0.000000000000000000e+00 0.000000000000000000e+00 0.000000000000000000e+00 0.000000000000000000e+00 1.000000000000000000e+00 9.480316962078857435e-01 1.893027151616730741e-01 -2.557349898187917803e-01 1.668716634372273688e+00 -7.880279665360279129e-02 9.184088993974427462e-01 3.877050589651221957e-01 -4.707447412342418147e-01 3.082629108809070151e-01 -3.474040522791816965e-01 8.855983300770352562e-01 2.146113974343606401e-01 0.000000000000000000e+00 0.000000000000000000e+00 0.000000000000000000e+00 1.000000000000000000e+00 9.007820228720586631e-01 -1.592906943888382221e-01 4.040027499307939918e-01 2.692180433473681411e+00 6.248297297913909393e-02 9.681591748017623900e-01 2.424122322302623145e-01 1.421085471520200372e-14 -4.297529817909471195e-01 -1.931172880098832589e-01 8.820533360934006417e-01 3.552713678800500929e-15 0.000000000000000000e+00 0.000000000000000000e+00 0.000000000000000000e+00 1.000000000000000000e+00
7.840335682028862774e-01 6.167564577644217838e-01 -7.002025233411429683e-02 1.540080676525150238e+00 -5.353382849581171943e-01 7.289688815500312558e-01 4.266348443221653630e-01 -4.557088464854714971e-01 3.141723803728644904e-01 -2.970115175167108990e-01 9.017094176469870881e-01 9.963684965491559353e-01 0.000000000000000000e+00 0.000000000000000000e+00 0.000000000000000000e+00 1.000000000000000000e+00 7.851524211996070424e-01 5.432005278179043994e-01 2.974371564931741485e-01 2.882089864393911682e+00 -6.190847224160740403e-01 6.756900796422623534e-01 4.002212172587126804e-01 -7.105427357601001859e-15 1.642504049941603816e-02 -4.983734572099352556e-01 8.668068499920897896e-01 0.000000000000000000e+00 0.000000000000000000e+00 0.000000000000000000e+00 0.000000000000000000e+00 1.000000000000000000e+00 3.866905356907326397e-01 7.973191983045718745e-01 4.634139894545366012e-01 1.799519489222639823e+00 -8.938076383596421648e-01 4.477760951777551846e-01 -2.458605696977660474e-02 -7.105427357601001859e-15 -2.271086418813106633e-01 -4.046957679570136190e-01 8.858007677692030235e-01 2.842170943040400743e-14 0.000000000000000000e+00 0.000000000000000000e+00 0.000000000000000000e+00 1.000000000000000000e+00 9.913804916638182529e-01 8.729925413129603629e-02 -9.769115096325499403e-02 1.668716634372259477e+00 -1.171975385666922387e-01 9.242222395918445743e-01 -3.634253551938055882e-01 -4.707447412342276039e-01 5.856157189074395752e-02 3.717419697477734042e-01 9.264871559960941028e-01 2.146113974343997199e-01 0.000000000000000000e+00 0.000000000000000000e+00 0.000000000000000000e+00 1.000000000000000000e+00 8.909090724372263903e-01 3.297363764135854969e-01 3.123378726934649130e-01 2.692180433473694734e+00 -4.370848441155120168e-01 8.093610022695314488e-01 3.922902076904011825e-01 1.421085471520200372e-14 -1.234417421035502588e-01 -4.860130554572559269e-01 8.651898324827580478e-01 1.210143096841420629e-14 0.000000000000000000e+00 0.000000000000000000e+00 0.000000000000000000e+00 1.000000000000000000e+00
8.526103671279583462e-01 4.603819932331953413e-01 -2.471921968278089632e-01 1.540080676525182213e+00 -3.913874026743602852e-01 8.760631930109523680e-01 2.816543677617531216e-01 -4.557088464854857079e-01 3.462245844733535249e-01 -1.433935220227359475e-01 9.271282731899448404e-01 9.963684965491168555e-01 0.000000000000000000e+00 0.000000000000000000e+00 0.000000000000000000e+00 1.000000000000000000e+00 9.681632508982678242e-01 8.914867674476377457e-02 -2.339068896906532080e-01 2.882089864393902801e+00 -1.306062013472626959e-01 9.770613979435873730e-01 -1.682053650100409636e-01 -2.131628207280300558e-14 2.135461069177709559e-01 1.933999433381003996e-01 9.575983093850383154e-01 7.105427357601001859e-15 0.000000000000000000e+00 0.000000000000000000e+00 0.000000000000000000e+00 1.000000000000000000e+00 8.788420762047458590e-01 4.732868189816438198e-01 6.030084634869042892e-02 1.799519489222635826e+00 -4.682450941708986569e-01 8.313372854943139600e-01 2.993740962939709371e-01 -7.105427357601001859e-15 9.155947180394785612e-02 -2.913381278260404050e-01 9.522284171341452996e-01 -7.105427357601001859e-15 0.000000000000000000e+00 0.000000000000000000e+00 0.000000000000000000e+00 1.000000000000000000e+00 9.118206605409623355e-01 2.670759299251216912e-01 -3.118549833901563262e-01 1.668716634372287899e+00 -3.734675813752426077e-01 8.550793520473416454e-01 -3.596682740582284876e-01 -4.707447412342418147e-01 1.706020183713244653e-01 4.444206896139398788e-01 8.794232211914241315e-01 2.146113974343570874e-01 0.000000000000000000e+00 0.000000000000000000e+00 0.000000000000000000e+00 1.000000000000000000e+00 9.000158920039167398e-01 -2.923585835170539604e-01 3.232612763451506166e-01 2.692180433473680523e+00 5.195832264878343099e-02 8.083462395848468596e-01 5.864100013271962286e-01 0.000000000000000000e+00 -4.327490344852532589e-01 -5.109822067283156244e-01 7.427149234794881982e-01 1.421085471520200372e-14 0.000000000000000000e+00 0.000000000000000000e+00 0.000000000000000000e+00 1.000000000000000000e+00
8.106525786229772379e-01 5.784271088931680627e-01 9.090916603626339465e-02 1.540080676525171555e+00 -5.221296626834655008e-01 6.438462757807823511e-01 5.593233309180543067e-01 -4.557088464854750498e-01 2.649962492526418689e-01 -5.008832726900629417e-01 8.239495949518537143e-01 9.963684965491168555e-01 0.000000000000000000e+00 0.000000000000000000e+00 0.000000000000000000e+00 1.000000000000000000e+00 1.067328739089227208e-01 9.015487269469864007e-01 4.193065544054971894e-01 2.882089864393911682e+00 -9.271443687369271824e-01 2.425850621182920053e-01 -2.855797737173786377e-01 -1.421085471520200372e-14 -3.591815879837757519e-01 -3.582769607124249855e-01 8.617576261781039193e-01 7.105427357601001859e-15 0.000000000000000000e+00 0.000000000000000000e+00 0.000000000000000000e+00 1.000000000000000000e+00 7.590441406911760946e-01 5.424250179802703187e-01 -3.600376262996653476e-01 1.799519489222625168e+00 -4.983491417622076813e-01 8.399445616499230383e-01 2.148051821059948630e-01 -7.105427357601001859e-15 4.189273509658507089e-01 1.637782720088425126e-02 9.078720402066102757e-01 -1.065814103640150279e-14 0.000000000000000000e+00 0.000000000000000000e+00 0.000000000000000000e+00 1.000000000000000000e+00 7.618161505504157383e-01 5.121233692395472659e-01 3.966935938974572307e-01 1.668716634372273688e+00 -6.227754960042426458e-01 7.475475741792458884e-01 2.309183966586341452e-01 -4.707447412342240511e-01 -1.782886264942771803e-01 -4.229684137349492001e-01 8.884317006080574286e-01 2.146113974343606401e-01 0.000000000000000000e+00 0.000000000000000000e+00 0.000000000000000000e+00 1.000000000000000000e+00 2.680592202139515656e-01 9.303368433167017448e-01 -2.502351142941438567e-01 2.692180433473673418e+00 -9.280540921744954153e-01 1.796478668850292060e-01 -3.262548787709267373e-01 7.105427357601001859e-15 -2.585727295297426953e-01 3.196873502207646656e-01 9.115591816510679735e-01 7.105427357601001859e-15 0.000000000000000000e+00 0.000000000000000000e+00 0.000000000000000000e+00 1.000000000000000000e+00
