9.099352851212220150e-01 3.704140266101831891e-01 1.865776668891293844e-01 1.579296776945598779e+00 -3.722749046339346446e-01 9.277500264653768536e-01 -2.629227592445056161e-02 -4.845733256777577935e-01 -1.828364631881597424e-01 -4.553391355817190678e-02 9.820883312843715629e-01 -4.677714594409376758e-01 0.000000000000000000e+00 0.000000000000000000e+00 0.000000000000000000e+00 1.000000000000000000e+00 9.900496021449243234e-01 -1.130381873889154537e-01 -8.381022303099713855e-02 2.795271908140637862e+00 1.218021315748943484e-01 9.866484951265426240e-01 1.081156224064817178e-01 -7.105427357601001859e-15 7.047003644450011706e-02 -1.172480927621308427e-01 9.905992422302540845e-01 -5.329070518200751394e-15 0.000000000000000000e+00 0.000000000000000000e+00 0.000000000000000000e+00 1.000000000000000000e+00 8.797020240493522714e-01 2.667418862039475091e-01 3.936662482710870381e-01 1.151242977599590489e+00 -3.141297784210776434e-01 9.474842903459109733e-01 5.996667288444654242e-02 -6.408755305007218794e-01 -3.569969624416957088e-01 -1.764150948532065277e-01 9.172954175811283140e-01 -9.221213399115040232e-01 0.000000000000000000e+00 0.000000000000000000e+00 0.000000000000000000e+00 1.000000000000000000e+00 9.926836924745396917e-01 -3.362110936877549250e-16 -1.207438888520385584e-01 3.140679536733379962e+00 7.899148949896268564e-04 9.999786004353105051e-01 6.494205563144457571e-03 1.421085471520200372e-14 1.207413049853782033e-01 -6.542069354394134881e-03 9.926624494756464134e-01 1.421085471520200372e-14 0.000000000000000000e+00 0.000000000000000000e+00 0.000000000000000000e+00 1.000000000000000000e+00 9.992935674743281815e-01 5.784411914044162994e-03 -3.713363143080650186e-02 1.669381409719772336e+00 -5.831245821787855305e-03 9.999823333746041820e-01 -1.153044165588718072e-03 -2.131628207280300558e-14 3.712630572244157712e-02 1.368764950815310561e-03 9.993096436570164665e-01 -1.776356839400250465e-15 0.000000000000000000e+00 0.000000000000000000e+00 0.000000000000000000e+00 1.000000000000000000e+00
9.057467337063510593e-01 5.715027800910026101e-02 4.199484493408195407e-01 1.579296776945578351e+00 4.097636129926707227e-02 9.744159908777300094e-01 -2.209851002589168223e-01 -4.845733256829021229e-01 -4.218338442976669045e-01 2.173644921445407885e-01 8.802322905686871257e-01 -4.677714594859097019e-01 0.000000000000000000e+00 0.000000000000000000e+00 0.000000000000000000e+00 1.000000000000000000e+00 9.100250545877942576e-01 -4.142310089546346608e-01 1.634231449053509533e-02 2.795271908140651185e+00 4.095728764174343950e-01 9.044855607826426391e-01 1.189786923732881752e-01 -2.842170943040400743e-14 -6.406605127234818453e-02 -1.015802222685791845e-01 9.927623076639416899e-01 -2.442490654175344389e-15 0.000000000000000000e+00 0.000000000000000000e+00 0.000000000000000000e+00 1.000000000000000000e+00 6.475645246956616141e-01 1.366759314623663124e-01 7.496531705492722741e-01 1.151242977599566508e+00 -6.742010996636432774e-01 5.612422171927335945e-01 4.800625488964102017e-01 -6.408755305062499019e-01 -3.551240115340213999e-01 -8.162884682509479184e-01 4.555876129050320245e-01 -9.221213399563517044e-01 0.000000000000000000e+00 0.000000000000000000e+00 0.000000000000000000e+00 1.000000000000000000e+00 9.467407280711026552e-01 2.199657029482166848e-01 2.351533187898811605e-01 3.140679536733394173e+00 -2.304033975472662144e-01 9.729375092220396981e-01 1.751792075247018618e-02 3.552713678800500929e-15 -2.249361425162149652e-01 -7.076505264118949923e-02 9.718004111517007937e-01 1.421085471520200372e-14 0.000000000000000000e+00 0.000000000000000000e+00 0.000000000000000000e+00 1.000000000000000000e+00 6.224098332730541028e-01 6.158487512033928857e-01 4.830489779372589831e-01 1.669381409719775888e+00 -7.671036757223350655e-01 6.025377262159059555e-01 2.202276984846560648e-01 -2.486899575160350651e-14 -1.554282797250605419e-01 -5.076205316255316680e-01 8.474452464518995587e-01 -7.105427357601001859e-15 0.000000000000000000e+00 0.000000000000000000e+00 0.000000000000000000e+00 1.000000000000000000e+00
9.654686913914578561e-01 -4.682369504821401462e-02 2.562767010964862591e-01 1.579296776945579239e+00 -2.626476355883164415e-02 9.612091480383557762e-01 2.745671792523224908e-01 -4.845733256828950175e-01 -2.591917593945929355e-01 -2.718170622117202506e-01 9.267875250306972790e-01 -4.677714594859176955e-01 0.000000000000000000e+00 0.000000000000000000e+00 0.000000000000000000e+00 1.000000000000000000e+00 8.171417067485077235e-01 5.435784471719905531e-01 1.918382205459155665e-01 2.795271908140650297e+00 -3.712359138476111209e-01 7.508518023416886900e-01 -5.462650155281469910e-01 -3.552713678800500929e-14 -4.409799625400965262e-01 3.751586900104076361e-01 8.153481648644399504e-01 -7.105427357601001859e-15 0.000000000000000000e+00 0.000000000000000000e+00 0.000000000000000000e+00 1.000000000000000000e+00 9.738870479646084544e-01 4.117075971490918862e-02 2.232688656111229131e-01 1.151242977599569173e+00 -7.722444802503564132e-02 9.848534294179341897e-01 1.552420922010610549e-01 -6.408755305062356911e-01 -2.134956731037165878e-01 -1.684300778015357380e-01 9.623153882474080323e-01 -9.221213399563579216e-01 0.000000000000000000e+00 0.000000000000000000e+00 0.000000000000000000e+00 1.000000000000000000e+00 8.378399138326688700e-01 -4.478791951646970970e-01 -3.121353958260565942e-01 3.140679536733387067e+00 2.188301437217401446e-01 7.993540064336963624e-01 -5.595949790671113089e-01 -7.105427357601001859e-15 5.001376280461092838e-01 4.005463755135244552e-01 7.677401605200747658e-01 7.105427357601001859e-15 0.000000000000000000e+00 0.000000000000000000e+00 0.000000000000000000e+00 1.000000000000000000e+00 3.835131893892190780e-01 8.565666496715856892e-01 -3.452697615414705434e-01 1.669381409719772336e+00 -7.920283104111859318e-01 4.973307827561042060e-01 3.540526063036434912e-01 -2.131628207280300558e-14 4.749829355584378465e-01 1.376795816146881291e-01 8.691579509701866657e-01 0.000000000000000000e+00 0.000000000000000000e+00 0.000000000000000000e+00 0.000000000000000000e+00 1.000000000000000000e+00
9.583397713553959418e-01 2.854586899744042672e-01 -9.910547743914061014e-03 1.579296776945621872e+00 -2.516991111934335779e-01 8.275825678154435927e-01 -5.017515828300218583e-01 -4.845733256829092284e-01 -1.350275529768758531e-01 4.833429732251144362e-01 8.649549873669630795e-01 -4.677714594858883856e-01 0.000000000000000000e+00 0.000000000000000000e+00 0.000000000000000000e+00 1.000000000000000000e+00 8.275041352646449466e-01 4.854491553756861699e-01 2.820922254599462775e-01 2.795271908140637862e+00 -4.914066801750369140e-01 8.692336328805805312e-01 -5.433568025319286676e-02 -2.131628207280300558e-14 -2.715812600295927082e-01 -9.365900391452559870e-02 9.578473835567321570e-01 -1.421085471520200372e-14 0.000000000000000000e+00 0.000000000000000000e+00 0.000000000000000000e+00 1.000000000000000000e+00 9.147375051215469455e-01 2.626932651066116176e-01 3.069976305961260032e-01 1.151242977599608253e+00 -2.844113899665791090e-01 9.583099125666497686e-01 2.742759073959261107e-02 -6.408755305062641128e-01 -2.869938291693507337e-01 -1.124026687589203544e-01 9.513149752182954444e-01 -9.221213399563339408e-01 0.000000000000000000e+00 0.000000000000000000e+00 0.000000000000000000e+00 1.000000000000000000e+00 9.933178153116974940e-01 -4.374120554730698968e-02 -1.068008647982992276e-01 3.140679536733365751e+00 8.233179680922901589e-02 9.170637008492650288e-01 3.901482331355783373e-01 2.131628207280300558e-14 8.087764226632830622e-02 -3.963342976855750432e-01 9.145370038765636700e-01 2.131628207280300558e-14 0.000000000000000000e+00 0.000000000000000000e+00 0.000000000000000000e+00 1.000000000000000000e+00 5.959181612421282637e-01 7.169368724815272653e-01 -3.617776471511298109e-01 1.669381409719782994e+00 -5.641451229798866152e-01 6.943630152706721237e-01 4.467664750652504679e-01 -1.798561299892753595e-14 5.715083772962645803e-01 -6.214116108206309275e-02 8.182399713895450732e-01 -1.421085471520200372e-14 0.000000000000000000e+00 0.000000000000000000e+00 0.000000000000000000e+00 1.000000000000000000e+00
8.391006394656586043e-01 5.373285522863886499e-01 8.478292131164472112e-02 1.579296776945575687e+00 -5.428085194504066457e-01 8.168605554070931252e-01 1.951864345493116992e-01 -4.845733256828808067e-01 3.562342011065762482e-02 -2.098019540372035585e-01 9.770947303213699531e-01 -4.677714594859239128e-01 0.000000000000000000e+00 0.000000000000000000e+00 0.000000000000000000e+00 1.000000000000000000e+00 2.932174810024933409e-01 8.654432813276744518e-01 -4.062406129861224069e-01 2.795271908140655626e+00 -9.549561808140920594e-01 2.854082660782630843e-01 -8.124539604902362988e-02 -2.042810365310288034e-14 4.563114681350650265e-02 4.117645546413476465e-01 9.101471034846492225e-01 0.000000000000000000e+00 0.000000000000000000e+00 0.000000000000000000e+00 0.000000000000000000e+00 1.000000000000000000e+00 7.483315695230805531e-01 4.495722239902257278e-01 4.877342283166162251e-01 1.151242977599558515e+00 -6.448445622042124903e-01 6.654080715042303140e-01 3.760420042663831230e-01 -6.408755305062214802e-01 -1.554842520989836718e-01 -5.959168681901053644e-01 7.878500704802382515e-01 -9.221213399563694679e-01 0.000000000000000000e+00 0.000000000000000000e+00 0.000000000000000000e+00 1.000000000000000000e+00 8.835596277949528954e-01 -2.613844349757589169e-01 3.885879067640262141e-01 3.140679536733401278e+00 3.372147938038669857e-01 9.308697593688992633e-01 -1.405975601932807351e-01 -3.552713678800500929e-15 -3.249747174330023802e-01 2.552639188073609899e-01 9.106216364574527544e-01 2.486899575160350651e-14 0.000000000000000000e+00 0.000000000000000000e+00 0.000000000000000000e+00 1.000000000000000000e+00 9.711318361880183492e-01 1.391275506856953503e-01 1.937691445568336390e-01 1.669381409719775888e+00 -1.959639773757161363e-01 9.284780554711792311e-01 3.154783987526682543e-01 -1.959543638463401294e-14 -1.360186616357389189e-01 -3.443428889183818287e-01 9.289385870649174981e-01 -8.881784197001252323e-15 0.000000000000000000e+00 0.000000000000000000e+00 0.000000000000000000e+00 1.000000000000000000e+00
9.491218942598036445e-01 3.070271914156715298e-01 7.001380983839347594e-02 1.579296776945589897e+00 -3.122977622145708954e-01 8.891220525119378770e-01 3.345625254757774170e-01 -4.845733256828950175e-01 4.046897024206905225e-02 -3.394057740645604615e-01 9.397691115264339423e-01 -4.677714594859025965e-01 0.000000000000000000e+00 0.000000000000000000e+00 0.000000000000000000e+00 1.000000000000000000e+00 8.031166621879332057e-01 -1.367960211204667653e-01 -5.799055746599803829e-01 2.795271908140662731e+00 2.942836650882340033e-01 9.373565671466038696e-01 1.864397771114585933e-01 -1.421085471520200372e-14 5.180740790450235611e-01 -3.203896294088543484e-01 7.930635119515382359e-01 0.000000000000000000e+00 0.000000000000000000e+00 0.000000000000000000e+00 0.000000000000000000e+00 1.000000000000000000e+00 9.406376427465916734e-01 -1.272523985139660807e-01 3.146548142339126719e-01 1.151242977599572725e+00 6.216399152368047923e-03 9.333609099763990891e-01 3.588854526302321379e-01 -6.408755305062427965e-01 -3.393555383807869696e-01 -3.356251462576529954e-01 8.787454578942728300e-01 -9.221213399563445989e-01 0.000000000000000000e+00 0.000000000000000000e+00 0.000000000000000000e+00 1.000000000000000000e+00 3.338860498562099544e-01 8.856056944278298815e-01 -3.228353445774142516e-01 3.140679536733408383e+00 -7.487458166278680993e-01 4.572337679634094210e-01 4.799135167050933015e-01 7.105427357601001859e-15 5.726253642598128080e-01 8.148518534668940105e-02 8.157575355308294140e-01 1.776356839400250465e-14 0.000000000000000000e+00 0.000000000000000000e+00 0.000000000000000000e+00 1.000000000000000000e+00 3.979968937922288008e-01 6.702782795951605088e-01 -6.263589230103527861e-01 1.669381409719775888e+00 -7.691150056959319414e-01 6.159626127438897480e-01 1.704469645228900987e-01 -3.552713678800500929e-14 5.000605768755259639e-01 4.139046842023809125e-01 7.606722893929050988e-01 0.000000000000000000e+00 0.000000000000000000e+00 0.000000000000000000e+00 0.000000000000000000e+00 1.000000000000000000e+00
9.235995372516117019e-01 3.332605407426671440e-01 -1.894764016243547788e-01 1.579296776945597003e+00 -3.763902561317258311e-01 8.821165357647848815e-01 -2.831974442318095364e-01 -4.845733256829234392e-01 7.276173360841871329e-02 3.328780997816471188e-01 9.401584445230800613e-01 -4.677714594859230246e-01 0.000000000000000000e+00 0.000000000000000000e+00 0.000000000000000000e+00 1.000000000000000000e+00 9.878666441980823443e-01 -4.771681092460495349e-02 -1.477924194131919056e-01 2.795271908140648520e+00 2.130119809569059122e-02 9.842661684126098320e-01 -1.754034454566046064e-01 -2.842170943040400743e-14 1.538367714186288648e-01 1.701270574410355951e-01 9.733401420294691686e-01 -7.105427357601001859e-15 0.000000000000000000e+00 0.000000000000000000e+00 0.000000000000000000e+00 1.000000000000000000e+00 9.868377741127110081e-01 5.137766451939424633e-02 1.533347422236805424e-01 1.151242977599565620e+00 -7.432934722124376337e-02 9.862012269784996565e-01 1.479266306239871986e-01 -6.408755305062641128e-01 -1.436187861177421476e-01 -1.573768581927925403e-01 9.770394919241657261e-01 -9.221213399563561453e-01 0.000000000000000000e+00 0.000000000000000000e+00 0.000000000000000000e+00 1.000000000000000000e+00 4.107983520864008087e-01 8.532970583885233218e-01 -3.211367996175311101e-01 3.140679536733387067e+00 -9.110157049935989626e-01 3.702690434175102130e-01 -1.815247111048459150e-01 0.000000000000000000e+00 -3.598748641004761994e-02 3.671307200877839128e-01 9.294729340813060459e-01 1.421085471520200372e-14 0.000000000000000000e+00 0.000000000000000000e+00 0.000000000000000000e+00 1.000000000000000000e+00 5.507405299693979295e-01 8.332006400432268034e-01 4.961413186365269679e-02 1.669381409719767007e+00 -6.984707606994630114e-01 4.275105739071681787e-01 5.739105380157061287e-01 0.000000000000000000e+00 4.569720616153029047e-01 -3.507298142860412749e-01 8.174136849074272737e-01 -7.105427357601001859e-15 0.000000000000000000e+00 0.000000000000000000e+00 0.000000000000000000e+00 1.000000000000000000e+00
8.036066155990001514e-01 5.712009211171841239e-01 -1.671703175818036735e-01 1.579296776945575687e+00 -5.831582732699914784e-01 6.995759925046705074e-01 -4.129405030120766318e-01 -4.845733256828879121e-01 -1.189236548474802840e-01 4.293284738122843391e-01 8.952844385399156835e-01 -4.677714594859159192e-01 0.000000000000000000e+00 0.000000000000000000e+00 0.000000000000000000e+00 1.000000000000000000e+00 8.519817373085895040e-01 -3.872254292831601719e-01 -3.523969157202002656e-01 2.795271908140655626e+00 2.998816515136286109e-01 9.126293215612967247e-01 -2.778105766741537086e-01 -1.776356839400250465e-14 4.291830779260712991e-01 1.310121686830639509e-01 8.936653161440608617e-01 1.776356839400250465e-15 0.000000000000000000e+00 0.000000000000000000e+00 0.000000000000000000e+00 1.000000000000000000e+00 8.785825174415056171e-01 3.185119005626921296e-01 3.558692586415526660e-01 1.151242977599572725e+00 -1.005874734498495848e-01 8.518278639071341640e-01 -5.140733901461781441e-01 -6.408755305062356911e-01 -4.668778429430147092e-01 4.158599036590935882e-01 7.804393764396611033e-01 -9.221213399563534807e-01 0.000000000000000000e+00 0.000000000000000000e+00 0.000000000000000000e+00 1.000000000000000000e+00 1.157752780478695787e-01 9.762800988144643144e-01 -1.829569721321334663e-01 3.140679536733387067e+00 -9.920291686179801838e-01 1.044273510230618873e-01 -7.051990477464729901e-02 2.131628207280300558e-14 -4.974146765082042287e-02 1.896631145402973839e-01 9.805884403656900394e-01 7.105427357601001859e-15 0.000000000000000000e+00 0.000000000000000000e+00 0.000000000000000000e+00 1.000000000000000000e+00 9.450805997850172391e-01 -2.327746849671039620e-01 -2.294310483532200629e-01 1.669381409719782994e+00 2.384330483932577405e-01 9.711538445724487989e-01 -3.145092375477677536e-03 -1.421085471520200372e-14 2.235449425594113471e-01 -5.173157846632345236e-02 9.733198356375422078e-01 7.105427357601001859e-15 0.000000000000000000e+00 0.000000000000000000e+00 0.000000000000000000e+00 1.000000000000000000e+00
9.041392085326166450e-01 3.744877354061564301e-01 2.056483105313101911e-01 1.579296776945612990e+00 -3.349754045327946184e-01 9.201337136860536781e-01 -2.028433565498312108e-01 -4.845733256828830271e-01 -2.651862929189670592e-01 1.145115058353523285e-01 9.573731482965331940e-01 -4.677714594859168074e-01 0.000000000000000000e+00 0.000000000000000000e+00 0.000000000000000000e+00 1.000000000000000000e+00 6.658042005211746162e-01 6.477491041783060011e-01 -3.703050966494539908e-01 2.795271908140648520e+00 -4.215940700209851455e-01 7.360856028829463327e-01 5.295624848415813046e-01 -1.773581281838687573e-14 6.155998754804131723e-01 -1.964664939999982152e-01 7.631760675256060722e-01 1.421085471520200372e-14 0.000000000000000000e+00 0.000000000000000000e+00 0.000000000000000000e+00 1.000000000000000000e+00 8.988367373594585708e-01 -3.497881617006687316e-01 2.640847619743903474e-01 1.151242977599594042e+00 4.370135891947279916e-02 6.710674010111311594e-01 7.401072452886521269e-01 -6.408755305062290297e-01 -4.360994276556608984e-01 -6.536947186831423284e-01 6.184662512734000472e-01 -9.221213399563623625e-01 0.000000000000000000e+00 0.000000000000000000e+00 0.000000000000000000e+00 1.000000000000000000e+00 9.242955811337172367e-01 3.688449008678320040e-01 9.813825859716018840e-02 3.140679536733394173e+00 -3.816180388986205596e-01 8.976170604064300784e-01 2.205703634999277019e-01 -7.105427357601001859e-15 -6.734321335876482587e-03 -2.413235420988149027e-01 9.704213502108384182e-01 2.131628207280300558e-14 0.000000000000000000e+00 0.000000000000000000e+00 0.000000000000000000e+00 1.000000000000000000e+00 3.786358466438221049e-01 9.255457264465618561e-01 6.239248370297488554e-05 1.669381409719751019e+00 -9.163029901874701899e-01 3.748641936373771077e-01 -1.409456154057294464e-01 -2.842170943040400743e-14 -1.304750007082459418e-01 5.330989200050065269e-02 9.900173380325609784e-01 -3.552713678800500929e-15 0.000000000000000000e+00 0.000000000000000000e+00 0.000000000000000000e+00 1.000000000000000000e+00
8.796381639598997992e-01 8.686652767486506554e-02 4.676439958718259238e-01 1.579296776945597003e+00 -2.027679500435590754e-01 9.578518737197205812e-01 2.034820543604598242e-01 -4.845733256828737012e-01 -4.302578981731645102e-01 -2.738137950895321859e-01 8.601768112883992901e-01 -4.677714594859221364e-01 0.000000000000000000e+00 0.000000000000000000e+00 0.000000000000000000e+00 1.000000000000000000e+00 7.962374651246690860e-01 1.327330986382842803e-01 -5.902438679543573485e-01 2.795271908140634309e+00 -3.577726792404457568e-01 8.900584471475249115e-01 -2.824795048325626223e-01 -2.131628207280300558e-14 4.878571605715698034e-01 4.360938949208256754e-01 7.561861580932498494e-01 -7.105427357601001859e-15 0.000000000000000000e+00 0.000000000000000000e+00 0.000000000000000000e+00 1.000000000000000000e+00 6.758741323080963426e-01 6.441043952329328359e-01 3.582229547619690257e-01 1.151242977599579831e+00 -6.555314832322491903e-01 7.475130491380939102e-01 -1.072507149607728610e-01 -6.408755305062143748e-01 -3.368569900834851860e-01 -1.623384409494171843e-01 9.274554430386439119e-01 -9.221213399563623625e-01 0.000000000000000000e+00 0.000000000000000000e+00 0.000000000000000000e+00 1.000000000000000000e+00 2.598802373451480907e-01 7.579879824036328539e-01 -5.982612144950559818e-01 3.140679536733379962e+00 -9.155910622810055077e-01 3.902930617193826057e-01 9.676948199122442640e-02 0.000000000000000000e+00 3.068473055260044768e-01 5.226141449534065231e-01 7.954364755189760050e-01 1.421085471520200372e-14 0.000000000000000000e+00 0.000000000000000000e+00 0.000000000000000000e+00 1.000000000000000000e+00 5.976758244069618753e-01 7.607351148315771860e-01 -2.531120186432194719e-01 1.669381409719765230e+00 -8.006524140985914473e-01 5.827639312624265377e-01 -1.390752034607876109e-01 -1.421085471520200372e-14 4.170516415932395971e-02 2.857766356470535229e-01 9.573883192313843438e-01 -2.220446049250313081e-15 0.000000000000000000e+00 0.000000000000000000e+00 0.000000000000000000e+00 1.000000000000000000e+00
9.912299357480230944e-01 -5.552921952583342313e-02 1.199154712946657597e-01 1.579296776945604108e+00 2.411944495447542261e-02 9.682094393045491687e-01 2.489753682930472556e-01 -4.845733256828843594e-01 -1.299286991086189558e-01 -2.438995437068759708e-01 9.610575142661961223e-01 -4.677714594859168074e-01 0.000000000000000000e+00 0.000000000000000000e+00 0.000000000000000000e+00 1.000000000000000000e+00 9.669024121635806379e-01 1.305042162804493922e-01 2.192450110841179245e-01 2.795271908140662731e+00 -1.421137822571988951e-01 9.891216544760091933e-01 3.797401136561391610e-02 -1.421085471520200372e-14 -2.119042195068393530e-01 -6.787490095512481447e-02 9.749305614122111274e-01 -7.105427357601001859e-15 0.000000000000000000e+00 0.000000000000000000e+00 0.000000000000000000e+00 1.000000000000000000e+00 7.884868701965895843e-01 5.166114633625326080e-01 3.337679604905316455e-01 1.151242977599608253e+00 -1.955410787373934589e-01 7.250693986853609108e-01 -6.603317754101082349e-01 -6.408755305062214802e-01 -5.831398992127043712e-01 4.553975878421752665e-01 6.727264636787564367e-01 -9.221213399563765734e-01 0.000000000000000000e+00 0.000000000000000000e+00 0.000000000000000000e+00 1.000000000000000000e+00 9.904794205886252589e-01 1.142642097489267837e-02 1.371858385334498998e-01 3.140679536733387067e+00 -3.453793269123591608e-02 9.853015690764805878e-01 1.672959927220045162e-01 1.776356839400250465e-15 -1.332578275218266883e-01 -1.704413531955489280e-01 9.763155722024683403e-01 1.421085471520200372e-14 0.000000000000000000e+00 0.000000000000000000e+00 0.000000000000000000e+00 1.000000000000000000e+00 3.502926769895537973e-01 8.032697632334279136e-01 -4.817185152372749357e-01 1.669381409719761677e+00 -7.658149458050075298e-01 5.417397737466180807e-01 3.464758091449332555e-01 -2.486899575160350651e-14 5.392796206321590624e-01 2.475392999422020290e-01 8.049234657748269850e-01 7.105427357601001859e-15 0.000000000000000000e+00 0.000000000000000000e+00 0.000000000000000000e+00 1.000000000000000000e+00
8.195534751040480792e-01 5.677445808469445687e-01 -7.744799780372314812e-02 1.579296776945582792e+00 -5.199506951026620083e-01 6.800500041341741575e-01 -5.168977331536367403e-01 -4.845733256828737012e-01 -2.407973756234419449e-01 4.638944737718232458e-01 8.525365335848231751e-01 -4.677714594859150310e-01 0.000000000000000000e+00 0.000000000000000000e+00 0.000000000000000000e+00 1.000000000000000000e+00 8.875519911144620355e-01 3.577621180284704661e-01 -2.902718208378773368e-01 2.795271908140652073e+00 -4.419025046607078511e-01 8.392679907667766059e-01 -3.167829162832032641e-01 -2.842170943040400743e-14 1.302829207661046484e-01 4.094331527588852548e-01 9.029899523131872385e-01 0.000000000000000000e+00 0.000000000000000000e+00 0.000000000000000000e+00 0.000000000000000000e+00 1.000000000000000000e+00 8.179412614789233205e-01 5.179135261419992586e-01 2.504748933714280312e-01 1.151242977599572725e+00 -4.992093124893249856e-01 8.553514687956237372e-01 -1.384338367347541510e-01 -6.408755305062143748e-01 -2.859408244623405926e-01 -1.180865226559544082e-02 9.581745147088118753e-01 -9.221213399563588098e-01 0.000000000000000000e+00 0.000000000000000000e+00 0.000000000000000000e+00 1.000000000000000000e+00 6.526776178601774170e-01 2.950118368969573135e-01 -6.978394824277623920e-01 3.140679536733390620e+00 -5.320277298120067444e-01 8.342321650195410054e-01 -1.449247720643081216e-01 2.131628207280300558e-14 5.394056190432638953e-01 4.658591106090900213e-01 7.014391400592505654e-01 1.665334536937734811e-14 0.000000000000000000e+00 0.000000000000000000e+00 0.000000000000000000e+00 1.000000000000000000e+00 8.979987947939988002e-01 -3.321049938833333659e-01 -2.886250813534347315e-01 1.669381409719775888e+00 2.681793069098257210e-01 9.331616012154403395e-01 -2.393518025050178355e-01 -4.973799150320701301e-14 3.488237719736016484e-01 1.375343559071210420e-01 9.270416803204277745e-01 3.552713678800500929e-15 0.000000000000000000e+00 0.000000000000000000e+00 0.000000000000000000e+00 1.000000000000000000e+00
8.502501563690338937e-01 4.984377380037952054e-01 -1.692172950028852652e-01 1.579296776945630087e+00 -5.236376529366013610e-01 7.681593595954976372e-01 -3.684220496833520708e-01 -4.845733256828879121e-01 -5.364960411299310450e-02 4.018594525446614329e-01 9.141283828757447161e-01 -4.677714594858954911e-01 0.000000000000000000e+00 0.000000000000000000e+00 0.000000000000000000e+00 1.000000000000000000e+00 2.846329280277960505e-01 8.863543034253775765e-01 3.651850833230144699e-01 2.795271908140644967e+00 -9.076956097104227350e-01 3.717140033264249022e-01 -1.947238553528212457e-01 -2.131628207280300558e-14 -3.083387364486456228e-01 -2.760520757581006457e-01 9.103419550228895041e-01 -1.065814103640150279e-14 0.000000000000000000e+00 0.000000000000000000e+00 0.000000000000000000e+00 1.000000000000000000e+00 9.644781044534493919e-01 -5.787993938907754453e-03 2.640993849974748175e-01 1.151242977599614248e+00 -5.009393999698121686e-02 9.776119668018530273e-01 2.043659451606150146e-01 -6.408755305062214802e-01 -2.593695880504499063e-01 -2.103362581486507010e-01 9.425953932109810696e-01 -9.221213399563339408e-01 0.000000000000000000e+00 0.000000000000000000e+00 0.000000000000000000e+00 1.000000000000000000e+00 8.618025236492715679e-01 -7.748110566864527260e-02 -5.012914207286126578e-01 3.140679536733390620e+00 -1.269797413425275551e-02 9.846599109726396071e-01 -1.740218985537146934e-01 -1.421085471520200372e-14 5.070849748164824033e-01 1.563378968379635636e-01 8.475985431368140421e-01 7.105427357601001859e-15 0.000000000000000000e+00 0.000000000000000000e+00 0.000000000000000000e+00 1.000000000000000000e+00 6.521793856411577384e-01 4.321661807655155507e-01 -6.228117220695753575e-01 1.669381409719763454e+00 -6.621677858176200360e-01 7.247370187966128974e-01 -1.904995459605836050e-01 -1.421085471520200372e-14 3.690472495089385796e-01 5.366457358335624539e-01 7.588250666929378108e-01 0.000000000000000000e+00 0.000000000000000000e+00 0.000000000000000000e+00 0.000000000000000000e+00 1.000000000000000000e+00
9.598536604450303988e-01 2.220893539157749730e-01 1.713396317480282427e-01 1.579296776945579239e+00 -2.393404370322854413e-01 9.669954106474462074e-01 8.738438640839425731e-02 -4.845733256829163338e-01 -1.462774956426000639e-01 -1.248847255033641163e-01 9.813290475699160131e-01 -4.677714594858599639e-01 0.000000000000000000e+00 0.000000000000000000e+00 0.000000000000000000e+00 1.000000000000000000e+00 9.189110916393306017e-02 9.855876014542547248e-01 -1.420320524257518147e-01 2.795271908140662731e+00 -9.076737689999293535e-01 1.415614970047789356e-01 3.950805887856666532e-01 -1.154631945610162802e-14 4.094927998464505947e-01 9.261437483142295757e-02 9.076002558662593644e-01 1.421085471520200372e-14 0.000000000000000000e+00 0.000000000000000000e+00 0.000000000000000000e+00 1.000000000000000000e+00 7.398692984715876664e-01 5.719746327658335738e-02 6.703147554499190308e-01 1.151242977599569173e+00 -5.079597978277619053e-01 7.007897082987590842e-01 5.008698718562729635e-01 -6.408755305062516783e-01 -4.411011958382565767e-01 -7.110711883751612561e-01 5.475468017373456009e-01 -9.221213399563055191e-01 0.000000000000000000e+00 0.000000000000000000e+00 0.000000000000000000e+00 1.000000000000000000e+00 7.785783566772972453e-01 5.655200296784287373e-01 2.720346274763350003e-01 3.140679536733394173e+00 -5.051959198951810892e-01 8.219879803325254031e-01 -2.628932154128695298e-01 1.421085471520200372e-14 -3.722805730023271420e-01 6.725218376651267982e-02 9.256804625483321391e-01 2.131628207280300558e-14 0.000000000000000000e+00 0.000000000000000000e+00 0.000000000000000000e+00 1.000000000000000000e+00 9.091273258891597875e-01 2.644958604635750388e-01 3.217599184473703966e-01 1.669381409719772336e+00 -1.591015538495336168e-01 9.344417317804230017e-01 -3.185990355758598347e-01 -1.421085471520200372e-14 -3.849340214689906947e-01 2.384545862524709015e-01 8.916082151992956728e-01 -3.552713678800500929e-15 0.000000000000000000e+00 0.000000000000000000e+00 0.000000000000000000e+00 1.000000000000000000e+00
9.156030403299659781e-01 2.096071644838289061e-01 3.431266663137269024e-01 1.579296776945607661e+00 -1.603134059693164803e-01 9.729142136201112123e-01 -1.665459240043952183e-01 -4.845733256828950175e-01 -3.687420296156104227e-01 9.748214981733704931e-02 9.244060504247851862e-01 -4.677714594859594399e-01 0.000000000000000000e+00 0.000000000000000000e+00 0.000000000000000000e+00 1.000000000000000000e+00 9.885944140726873330e-01 1.290520267103117402e-01 -7.763155844269133132e-02 2.795271908140634309e+00 -1.186516324170308750e-01 9.848755833493280099e-01 1.262611398930587325e-01 -1.776356839400250465e-14 9.275168240551649734e-02 -1.156099464764245299e-01 9.889547338916299113e-01 1.421085471520200372e-14 0.000000000000000000e+00 0.000000000000000000e+00 0.000000000000000000e+00 1.000000000000000000e+00 8.865214109272744336e-01 3.419384672891237487e-01 3.117015761196587631e-01 1.151242977599601147e+00 -3.670074069884889378e-01 9.299161810845920639e-01 2.369513394420454458e-02 -6.408755305062250329e-01 -2.817540615201495902e-01 -1.354030307822280399e-01 9.498845551286150268e-01 -9.221213399564049951e-01 0.000000000000000000e+00 0.000000000000000000e+00 0.000000000000000000e+00 1.000000000000000000e+00 8.561894549101790597e-01 3.109982439828370415e-01 -4.125769134842644514e-01 3.140679536733387067e+00 -2.998084727229421986e-01 9.494075842627074380e-01 9.348860159392144431e-02 7.105427357601001859e-15 4.207784416817801909e-01 4.365009947344827834e-02 9.061126706054886126e-01 3.552713678800500929e-14 0.000000000000000000e+00 0.000000000000000000e+00 0.000000000000000000e+00 1.000000000000000000e+00 4.884284406415294599e-01 8.574516272303879250e-01 1.619085091415632671e-01 1.669381409719756570e+00 -8.147652117231992674e-01 3.817070413401677520e-01 4.364142348239635760e-01 -3.552713678800500929e-14 3.124024778040886408e-01 -3.450745449193481362e-01 8.850583315864388734e-01 0.000000000000000000e+00 0.000000000000000000e+00 0.000000000000000000e+00 0.000000000000000000e+00 1.000000000000000000e+00
8.379060298033236265e-01 4.409880696818123114e-01 3.216255705281231836e-01 1.579296776945604108e+00 -5.262923431969409593e-01 8.089547922035429384e-01 2.619322692285087628e-01 -4.845733256829092284e-01 -1.446715407794670061e-01 -3.887437029319339987e-01 9.099167427403802577e-01 -4.677714594859097019e-01 0.000000000000000000e+00 0.000000000000000000e+00 0.000000000000000000e+00 1.000000000000000000e+00 8.080701286597480326e-01 3.444457130315630167e-01 4.778910105264551067e-01 2.795271908140649408e+00 -4.632758314718137815e-01 8.726651093096908784e-01 1.543732845009290477e-01 -1.421085471520200372e-14 -3.638655948862407619e-01 -3.461397951228424308e-01 8.647479812583541703e-01 3.552713678800500929e-15 0.000000000000000000e+00 0.000000000000000000e+00 0.000000000000000000e+00 1.000000000000000000e+00 7.360996973726909864e-01 6.498225487828483971e-01 1.894409950913359952e-01 1.151242977599594042e+00 -5.127219846172821338e-01 7.180197709306949116e-01 -4.707056139911101056e-01 -6.408755305062499019e-01 -4.418975017104626590e-01 2.493556970393802363e-01 8.617124429506959338e-01 -9.221213399563481516e-01 0.000000000000000000e+00 0.000000000000000000e+00 0.000000000000000000e+00 1.000000000000000000e+00 8.438436635087058768e-01 4.895784840375074776e-01 2.196378371859959988e-01 3.140679536733388844e+00 -2.939481732553252402e-01 7.642062598977614751e-01 -5.740934277388414220e-01 1.421085471520200372e-14 -4.489124001362218008e-01 4.198829602408404305e-01 7.887813110763499669e-01 2.131628207280300558e-14 0.000000000000000000e+00 0.000000000000000000e+00 0.000000000000000000e+00 1.000000000000000000e+00 7.330929679784103925e-01 6.233019340843236611e-01 2.721569386720587014e-01 1.669381409719772336e+00 -5.880506369958350410e-01 7.819358584435056603e-01 -2.068157673123847129e-01 -3.019806626980425790e-14 -3.417179372368355783e-01 -8.426876465172147140e-03 9.397647786141183346e-01 -7.105427357601001859e-15 0.000000000000000000e+00 0.000000000000000000e+00 0.000000000000000000e+00 1.000000000000000000e+00
9.342073545625872999e-01 1.099230240687130572e-01 3.393722844617123036e-01 1.579296776945597003e+00 -5.820223475344192543e-02 9.855602711951613193e-01 -1.590077095974449239e-01 -4.845733256829021229e-01 -3.519504489993974250e-01 1.287939463690326858e-01 9.271154193668732502e-01 -4.677714594858777275e-01 0.000000000000000000e+00 0.000000000000000000e+00 0.000000000000000000e+00 1.000000000000000000e+00 8.470411552968603042e-01 2.078651698588466767e-01 -4.891966398013308792e-01 2.795271908140662731e+00 -2.904326308020219183e-03 9.221565784992612480e-01 3.868059069084032742e-01 -2.131628207280300558e-14 5.315193751144512424e-01 -3.262197355925736120e-01 7.817082818979561587e-01 0.000000000000000000e+00 0.000000000000000000e+00 0.000000000000000000e+00 0.000000000000000000e+00 1.000000000000000000e+00 8.158590447614687546e-01 2.788118531454807925e-01 5.065944824279935421e-01 1.151242977599565620e+00 -5.627120701343217846e-01 5.845377990959872427e-01 5.845260366768664229e-01 -6.408755305062356911e-01 -1.331508362949696544e-01 -7.619576838470770719e-01 6.337912454589034184e-01 -9.221213399563197299e-01 0.000000000000000000e+00 0.000000000000000000e+00 0.000000000000000000e+00 1.000000000000000000e+00 9.108749877248024651e-01 -3.719241456224822717e-01 -1.788272536285439029e-01 3.140679536733394173e+00 2.892945383938269610e-01 8.844975888503142647e-01 -3.660227935163096191e-01 1.065814103640150279e-14 2.943049894120783883e-01 2.816672597604610306e-01 9.132623544120218595e-01 2.842170943040400743e-14 0.000000000000000000e+00 0.000000000000000000e+00 0.000000000000000000e+00 1.000000000000000000e+00 -4.285123857530104274e-03 9.777286712576860328e-01 -2.098291760318506116e-01 1.669381409719782994e+00 -9.663728282612795706e-01 4.990114875132234395e-02 2.522566791020484089e-01 -2.842170943040400743e-14 2.571093045998550930e-01 2.038541654074748632e-01 9.446365887124004157e-01 -7.105427357601001859e-15 0.000000000000000000e+00 0.000000000000000000e+00 0.000000000000000000e+00 1.000000000000000000e+00
9.748028345783302795e-01 1.735729478885824351e-01 1.401137589936113648e-01 1.579296776945625425e+00 -2.037094130752021073e-02 6.947643114900881045e-01 -7.189489385414999933e-01 -4.845733256828950175e-01 -2.221361259414999512e-01 6.979792140465010952e-01 6.807940645384114031e-01 -4.677714594859168074e-01 0.000000000000000000e+00 0.000000000000000000e+00 0.000000000000000000e+00 1.000000000000000000e+00 9.276915760069824879e-01 -3.205387668669304468e-02 3.719689352553991468e-01 2.795271908140655626e+00 7.408772349162391635e-02 9.922990747896733854e-01 -9.926507643369232581e-02 -2.842170943040400743e-14 -3.659225997851318080e-01 1.196457068219013847e-01 9.229222913147010487e-01 -7.105427357601001859e-15 0.000000000000000000e+00 0.000000000000000000e+00 0.000000000000000000e+00 1.000000000000000000e+00 8.162549775550363984e-01 4.599900964982792106e-01 3.494809332998450868e-01 1.151242977599608253e+00 -5.768106949249284243e-01 6.823555805014984710e-01 4.490882808298208295e-01 -6.408755305062427965e-01 -3.189410348086562513e-02 -5.681548845886714716e-01 8.223033462665618742e-01 -9.221213399563552571e-01 0.000000000000000000e+00 0.000000000000000000e+00 0.000000000000000000e+00 1.000000000000000000e+00 3.874840043386593713e-01 9.192382543778272463e-01 6.969345787147269988e-02 3.140679536733395949e+00 -8.142665513918525555e-01 3.767197257201302385e-01 -4.416471799273368193e-01 -7.105427357601001859e-15 -4.322338830611239247e-01 1.143821661875434048e-01 8.944778311350973787e-01 6.217248937900876626e-15 0.000000000000000000e+00 0.000000000000000000e+00 0.000000000000000000e+00 1.000000000000000000e+00 8.501316128404325934e-01 4.465437674212301977e-01 -2.790607543646708155e-01 1.669381409719754572e+00 -2.589393274361328490e-01 8.159714600731133860e-01 5.168568477374317904e-01 -2.131628207280300558e-14 4.585048151941788497e-01 -3.671365415256370168e-01 8.093108761905688509e-01 -3.552713678800500929e-15 0.000000000000000000e+00 0.000000000000000000e+00 0.000000000000000000e+00 1.000000000000000000e+00
9.655282680067363010e-01 2.401984641119000730e-01 1.002988610014904913e-01 1.579296776945611214e+00 -1.034889762500040278e-01 7.077912933651825389e-01 -6.988000549736442801e-01 -4.845733256828950175e-01 -2.388413604772803012e-01 6.643313803176290611e-01 7.082503947408962386e-01 -4.677714594859168074e-01 0.000000000000000000e+00 0.000000000000000000e+00 0.000000000000000000e+00 1.000000000000000000e+00 7.841088332461230159e-01 5.320697553806907898e-01 -3.194919608292756674e-01 2.795271908140669836e+00 -2.246896783142435516e-01 7.232428068102517704e-01 6.530194414075820575e-01 -2.131628207280300558e-14 5.785221569520438978e-01 -4.402517663864173869e-01 6.866516555788634291e-01 0.000000000000000000e+00 0.000000000000000000e+00 0.000000000000000000e+00 0.000000000000000000e+00 1.000000000000000000e+00 8.423506006063135043e-01 3.450831074303600809e-01 4.139602814575202294e-01 1.151242977599594042e+00 -4.324994721466387526e-01 8.911319927784798756e-01 1.372150794903172488e-01 -6.408755305062312502e-01 -3.215426445295578861e-01 -2.946208078409633391e-01 8.998938311468062112e-01 -9.221213399563623625e-01 0.000000000000000000e+00 0.000000000000000000e+00 0.000000000000000000e+00 1.000000000000000000e+00 5.112452502381724662e-01 8.469782354594910245e-01 1.457949339546321110e-01 3.140679536733401278e+00 -8.209149571922571553e-01 4.310353988759616506e-01 3.745759175038824718e-01 7.105427357601001859e-15 2.544148721418288406e-01 -3.111854006436802211e-01 9.156619022648528894e-01 1.776356839400250465e-14 0.000000000000000000e+00 0.000000000000000000e+00 0.000000000000000000e+00 1.000000000000000000e+00 9.939667314366411599e-01 6.241763650466457952e-02 -9.018966376659534601e-02 1.669381409719767007e+00 -8.656335863335758163e-02 9.513905063237455551e-01 -2.955721391118584229e-01 -4.263256414560601115e-14 6.735667553607938007e-02 3.015959932263998500e-01 9.510535921442643259e-01 5.329070518200751394e-15 0.000000000000000000e+00 0.000000000000000000e+00 0.000000000000000000e+00 1.000000000000000000e+00
