9.924217904689002223e-01 1.192241989895398285e-01 -2.974189263992578491e-02 2.090493833261810153e+00 -1.192455065496773464e-01 9.928642304305216326e-01 1.062590852091877718e-03 0.000000000000000000e+00 2.965634789068137545e-02 2.492048737625175529e-03 9.995570472578721999e-01 -8.881784197001252323e-16 0.000000000000000000e+00 0.000000000000000000e+00 0.000000000000000000e+00 1.000000000000000000e+00 1.000000000000000000e+00 0.000000000000000000e+00 0.000000000000000000e+00 1.515609090459680175e+00 0.000000000000000000e+00 1.000000000000000000e+00 0.000000000000000000e+00 2.842170943040400743e-14 0.000000000000000000e+00 0.000000000000000000e+00 1.000000000000000000e+00 8.881784197001252323e-16 0.000000000000000000e+00 0.000000000000000000e+00 0.000000000000000000e+00 1.000000000000000000e+00
2.710142822071767155e-01 9.302947565507720951e-01 2.471900579996463565e-01 2.090493833261795942e+00 -9.613151140268273442e-01 2.747190477382775997e-01 2.006729561654589308e-02 1.421085471520200372e-14 -4.923931745380551173e-02 -2.430660625095855121e-01 9.687591955035934621e-01 3.552713678800500929e-15 0.000000000000000000e+00 0.000000000000000000e+00 0.000000000000000000e+00 1.000000000000000000e+00 6.674816326225274654e-01 6.804021920559646386e-01 -3.025245893427564448e-01 1.515609090459676622e+00 -7.341047698186002890e-01 6.693494382102623819e-01 -1.142869918109055832e-01 2.131628207280300558e-14 1.247335441697421388e-01 2.983692119053915071e-01 9.462649503948725727e-01 5.329070518200751394e-15 0.000000000000000000e+00 0.000000000000000000e+00 0.000000000000000000e+00 1.000000000000000000e+00
-5.086262344731240503e-02 9.913309402718595287e-01 -1.211443783085618398e-01 2.090493833261803047e+00 -9.418010934662448541e-01 -7.249609221525732394e-03 3.360924627419081823e-01 1.421085471520200372e-14 3.323006077060989827e-01 1.311884523342134456e-01 9.340052976789323669e-01 0.000000000000000000e+00 0.000000000000000000e+00 0.000000000000000000e+00 0.000000000000000000e+00 1.000000000000000000e+00 9.575210368671889238e-01 1.654838041381691965e-02 2.878881988940549252e-01 1.515609090459690833e+00 -1.299734251143532249e-01 9.159575715486564240e-01 3.796427740478297563e-01 2.131628207280300558e-14 -2.574109024902149212e-01 -4.009337579056763134e-01 8.791994933181010996e-01 3.552713678800500929e-15 0.000000000000000000e+00 0.000000000000000000e+00 0.000000000000000000e+00 1.000000000000000000e+00
-3.490490386483258156e-02 8.831736358584603153e-01 -4.677456323801801874e-01 2.090493833261805712e+00 -9.856824802427652799e-01 4.683050223701679116e-02 1.619782460786000911e-01 5.329070518200751394e-15 1.649596794027485547e-01 4.667025101547843668e-01 8.688941656994629836e-01 -1.421085471520200372e-14 0.000000000000000000e+00 0.000000000000000000e+00 0.000000000000000000e+00 1.000000000000000000e+00 7.700504536521746157e-01 -5.104028137099438922e-01 3.827679017198966083e-01 1.515609090459680175e+00 3.938667115414054565e-01 8.523127261829809287e-01 3.441395506565531059e-01 -7.105427357601001859e-15 -5.018877487742048338e-01 -1.142452823687147012e-01 8.573544792481422316e-01 7.105427357601001859e-15 0.000000000000000000e+00 0.000000000000000000e+00 0.000000000000000000e+00 1.000000000000000000e+00
2.586545164612049641e-01 9.616284014646111489e-01 -9.148037281754474448e-02 2.090493833261799494e+00 -9.606884959306946081e-01 2.461946062472031294e-01 -1.283192489114717005e-01 1.287858708565181587e-14 -1.008734598427152990e-01 1.210744950491279698e-01 9.875046894815026066e-01 1.421085471520200372e-14 0.000000000000000000e+00 0.000000000000000000e+00 0.000000000000000000e+00 1.000000000000000000e+00 9.462141282992470037e-01 -2.153706601625806627e-01 -2.414421300188313302e-01 1.515609090459692609e+00 7.041682589944660287e-02 8.654459979915458678e-01 -4.960289257600448698e-01 1.421085471520200372e-14 3.157852023720286172e-01 4.523479891649252460e-01 8.340629488601598585e-01 -7.105427357601001859e-15 0.000000000000000000e+00 0.000000000000000000e+00 0.000000000000000000e+00 1.000000000000000000e+00
8.117431624035809090e-01 -1.691417231923910691e-01 -5.589848976193741992e-01 2.090493833261803047e+00 1.701669294296045409e-01 9.841117785997283152e-01 -5.066777427299685999e-02 3.019806626980425790e-14 5.586736564574471542e-01 -5.399152430509748801e-02 8.276283349932374023e-01 8.881784197001252323e-15 0.000000000000000000e+00 0.000000000000000000e+00 0.000000000000000000e+00 1.000000000000000000e+00 4.620119460149053614e-01 8.856316222671812843e-01 -4.692111869852322315e-02 1.515609090459705044e+00 -8.333592956596084234e-01 4.516257028883426949e-01 3.186636295976241762e-01 3.552713678800500929e-15 3.034093704506199418e-01 -1.081242532044091736e-01 9.467058148082472258e-01 -7.105427357601001859e-15 0.000000000000000000e+00 0.000000000000000000e+00 0.000000000000000000e+00 1.000000000000000000e+00
2.518678988084791515e-01 8.643266601253595249e-01 -4.353182584573529468e-01 2.090493833261803047e+00 -7.736786325783823193e-01 4.500555233618457329e-01 4.459499965053698722e-01 7.105427357601001859e-15 5.813638577013933162e-01 2.244759463462315807e-01 7.820656075231270377e-01 3.552713678800500929e-15 0.000000000000000000e+00 0.000000000000000000e+00 0.000000000000000000e+00 1.000000000000000000e+00 7.850679568204879111e-01 6.072977525023928180e-01 1.218923417579919066e-01 1.515609090459694386e+00 -4.448429683763281961e-01 6.897272923702127967e-01 -5.713063938429117083e-01 1.421085471520200372e-14 -4.310255638124514954e-01 3.942913922027687090e-01 8.116349310958472785e-01 -3.552713678800500929e-15 0.000000000000000000e+00 0.000000000000000000e+00 0.000000000000000000e+00 1.000000000000000000e+00
5.938375258533177270e-01 6.919752093231082979e-01 -4.105207699625573747e-01 2.090493833261803047e+00 -5.726475865803869469e-01 7.219079488120900834e-01 3.884889380993736818e-01 2.842170943040400743e-14 5.651829212494557941e-01 4.384418337865985359e-03 8.249539638087509674e-01 0.000000000000000000e+00 0.000000000000000000e+00 0.000000000000000000e+00 0.000000000000000000e+00 1.000000000000000000e+00 6.431595820396645014e-01 5.949300134078985280e-01 -4.820830127447363056e-01 1.515609090459690833e+00 -7.160793284065525288e-01 6.903121869015251821e-01 -1.034382909954262297e-01 -7.771561172376095783e-15 2.712492349470956854e-01 4.117370080059737925e-01 8.699979820545010734e-01 -3.552713678800500929e-15 0.000000000000000000e+00 0.000000000000000000e+00 0.000000000000000000e+00 1.000000000000000000e+00
2.760511421821929545e-01 8.647394626571428544e-01 4.195490777291047690e-01 2.090493833261810153e+00 -9.231972048551028154e-01 1.171159040991015532e-01 3.660475187114034523e-01 1.421085471520200372e-14 2.673998650852911219e-01 -4.883743714922864076e-01 8.306550339472351663e-01 7.105427357601001859e-15 0.000000000000000000e+00 0.000000000000000000e+00 0.000000000000000000e+00 1.000000000000000000e+00 8.767096543733273739e-01 -5.319383780730591732e-02 -4.780696576315327517e-01 1.515609090459676622e+00 6.355808666681053709e-02 9.979629028078842445e-01 5.514910562783977011e-03 1.421085471520200372e-14 4.768024240163373229e-01 -3.522016806591555388e-02 8.783046101515996629e-01 -7.105427357601001859e-15 0.000000000000000000e+00 0.000000000000000000e+00 0.000000000000000000e+00 1.000000000000000000e+00
9.113410045927169412e-01 5.720420407501999871e-02 4.076582544044472511e-01 2.090493833261817258e+00 6.601404749946134659e-03 9.881394282726244649e-01 -1.534173775958197761e-01 1.421085471520200372e-14 -4.115993134144722010e-01 1.425066641571348380e-01 9.001543511351487448e-01 7.105427357601001859e-15 0.000000000000000000e+00 0.000000000000000000e+00 0.000000000000000000e+00 1.000000000000000000e+00 7.625953881237377274e-01 6.149139490865687119e-01 -2.008210876157346392e-01 1.515609090459690833e+00 -6.421172946835673745e-01 6.819972584901219381e-01 -3.500930151834146242e-01 1.421085471520200372e-14 -7.831764731312196304e-02 3.959300122884328310e-01 9.149348454882559878e-01 0.000000000000000000e+00 0.000000000000000000e+00 0.000000000000000000e+00 0.000000000000000000e+00 1.000000000000000000e+00
4.954880944135262588e-01 8.237583383809573556e-01 2.755244966283338370e-01 2.090493833261788836e+00 -7.667117979315901666e-01 5.638471543195560098e-01 -3.069680854392636826e-01 1.421085471520200372e-14 -4.082212233666457357e-01 -5.914885048403695222e-02 9.109647887154893597e-01 7.105427357601001859e-15 0.000000000000000000e+00 0.000000000000000000e+00 0.000000000000000000e+00 1.000000000000000000e+00 8.077693705882644792e-01 3.098862106736087751e-01 -5.014769988481933005e-01 1.515609090459690833e+00 -4.633258469597731910e-01 8.596939256310887068e-01 -2.150709505535716159e-01 0.000000000000000000e+00 3.644692078604828689e-01 4.060749815826626419e-01 8.380127122270832896e-01 1.065814103640150279e-14 0.000000000000000000e+00 0.000000000000000000e+00 0.000000000000000000e+00 1.000000000000000000e+00
8.449259301679694634e-01 1.422138456072974183e-03 -5.348814355088454819e-01 2.090493833261799494e+00 2.742425947466927139e-01 8.574041547105973882e-01 4.354872153250968769e-01 2.131628207280300558e-14 4.592288881988944582e-01 -5.146417132405979311e-01 7.240529920084506355e-01 -3.552713678800500929e-15 0.000000000000000000e+00 0.000000000000000000e+00 0.000000000000000000e+00 1.000000000000000000e+00 9.011190015287978694e-01 -4.298838639532861494e-01 5.643056438079430137e-02 1.515609090459690833e+00 4.193897250515663533e-01 8.312129556727230195e-01 -3.649620265767213878e-01 0.000000000000000000e+00 1.099854699717829898e-01 3.525406158649078137e-01 9.293106641810786606e-01 3.552713678800500929e-15 0.000000000000000000e+00 0.000000000000000000e+00 0.000000000000000000e+00 1.000000000000000000e+00
8.885409050367373274e-01 2.557145725130204328e-01 -3.809266563014183649e-01 2.090493833261803047e+00 -1.969592612675665766e-01 9.624742595968827086e-01 1.866824818089977966e-01 1.776356839400250465e-14 4.143695325158814335e-01 -9.084798851881956128e-02 9.055631029942939891e-01 7.105427357601001859e-15 0.000000000000000000e+00 0.000000000000000000e+00 0.000000000000000000e+00 1.000000000000000000e+00 9.051027460518124013e-01 3.950927885589202715e-01 -1.571327703510779494e-01 1.515609090459690833e+00 -2.177312157578245033e-01 7.480977788759364255e-01 6.268515222327455394e-01 6.883382752675970551e-15 3.652151924196034294e-01 -5.331523250156815497e-01 7.631293871659543537e-01 0.000000000000000000e+00 0.000000000000000000e+00 0.000000000000000000e+00 0.000000000000000000e+00 1.000000000000000000e+00
9.941640612965999546e-01 -4.123763230038374195e-02 9.968589122091774113e-02 2.090493833261810153e+00 6.296239370223456755e-02 9.721439546885249916e-01 -2.257695026832451657e-01 1.776356839400250465e-14 -8.759883678186093647e-02 2.307283880340982030e-01 9.690670021983265325e-01 1.421085471520200372e-14 0.000000000000000000e+00 0.000000000000000000e+00 0.000000000000000000e+00 1.000000000000000000e+00 9.696417499260555628e-01 1.993674515682112569e-01 -1.415891805737061193e-01 1.515609090459680175e+00 -8.195506299195645661e-02 8.104954047452902488e-01 5.799832467724844731e-01 7.105427357601001859e-15 2.303871620779271434e-01 -5.507720201153695205e-01 8.022293546160685906e-01 -2.131628207280300558e-14 0.000000000000000000e+00 0.000000000000000000e+00 0.000000000000000000e+00 1.000000000000000000e+00
-5.295650813716368255e-02 9.860456238821592168e-01 -1.578278678458337470e-01 2.090493833261799494e+00 -9.485542149471369866e-01 -9.907570702818024877e-02 -3.007139929948172696e-01 2.131628207280300558e-14 -3.121546244282460414e-01 1.337835262642962653e-01 9.405644361490343996e-01 2.131628207280300558e-14 0.000000000000000000e+00 0.000000000000000000e+00 0.000000000000000000e+00 1.000000000000000000e+00 8.833069535643810477e-01 2.000695475661987965e-01 4.239587266721478453e-01 1.515609090459708597e+00 -2.258048702626100079e-01 9.741130518678605688e-01 1.076674260715067451e-02 1.065814103640150279e-14 -4.108296317824436938e-01 -1.052422838850397696e-01 9.056175105043864360e-01 1.421085471520200372e-14 0.000000000000000000e+00 0.000000000000000000e+00 0.000000000000000000e+00 1.000000000000000000e+00
8.957271188047559729e-01 3.838737691210707403e-01 2.243075077176715781e-01 2.090493833261806600e+00 -2.993913946214954991e-01 8.937613229818728300e-01 -3.339992370774046426e-01 2.842170943040400743e-14 -3.286909208729782428e-01 2.320164367506647451e-01 9.154947578294472255e-01 3.552713678800500929e-15 0.000000000000000000e+00 0.000000000000000000e+00 0.000000000000000000e+00 1.000000000000000000e+00 7.224548461024412616e-01 6.857291144674936278e-01 8.851314543459035122e-02 1.515609090459695274e+00 -6.657552870414794599e-01 6.553625101017330756e-01 3.567490408248819578e-01 -1.421085471520200372e-14 1.866250066829610865e-01 -3.166631679320835446e-01 9.299976048118628880e-01 1.065814103640150279e-14 0.000000000000000000e+00 0.000000000000000000e+00 0.000000000000000000e+00 1.000000000000000000e+00
7.159873764087613113e-01 4.683747094159306790e-01 -5.176748095115707438e-01 2.090493833261803047e+00 -4.507699997569736827e-01 8.764021266508859043e-01 1.694866358179974164e-01 1.421085471520200372e-14 5.330745577706711424e-01 1.120019820420470325e-01 8.386221269894185149e-01 -1.421085471520200372e-14 0.000000000000000000e+00 0.000000000000000000e+00 0.000000000000000000e+00 1.000000000000000000e+00 7.460665470653411457e-01 6.657323971445043842e-01 -1.360451183361183550e-02 1.515609090459701491e+00 -6.635799258629813124e-01 7.450374496560902005e-01 6.768220299036550869e-02 1.421085471520200372e-14 5.519410604112723329e-02 -4.146774652884730600e-02 9.976141722410223345e-01 0.000000000000000000e+00 0.000000000000000000e+00 0.000000000000000000e+00 0.000000000000000000e+00 1.000000000000000000e+00
8.991257099371994244e-01 -9.285022720888908010e-02 -4.277286441626101943e-01 2.090493833261810153e+00 6.436744665978280655e-02 9.946649656413768525e-01 -8.061288939207260362e-02 1.421085471520200372e-14 4.329316222458544083e-01 4.494932071673819057e-02 9.003053754291799882e-01 -7.105427357601001859e-15 0.000000000000000000e+00 0.000000000000000000e+00 0.000000000000000000e+00 1.000000000000000000e+00 8.583147486213379418e-01 -2.442695402296853058e-01 4.512517966890188803e-01 1.515609090459694386e+00 2.543919314877089444e-01 9.663062649478407762e-01 3.920392220819388790e-02 7.105427357601001859e-15 -4.456237622625641159e-01 8.114551151192203604e-02 8.915351190325742081e-01 0.000000000000000000e+00 0.000000000000000000e+00 0.000000000000000000e+00 0.000000000000000000e+00 1.000000000000000000e+00
9.335677817310312765e-01 1.782500385185359637e-01 3.109310545473739640e-01 2.090493833261817258e+00 -2.931807466651081273e-01 8.788163712709700093e-01 3.764662473197488701e-01 2.131628207280300558e-14 -2.061461779871053557e-01 -4.426157581404722707e-01 8.726941296623025313e-01 1.421085471520200372e-14 0.000000000000000000e+00 0.000000000000000000e+00 0.000000000000000000e+00 1.000000000000000000e+00 6.852462106737211567e-02 9.482909040742060203e-01 3.099173076123664106e-01 1.515609090459697939e+00 -9.454988220261713039e-01 -3.739299233657567001e-02 3.234713923536970404e-01 1.421085471520200372e-14 3.183337146057509393e-01 -3.151922038601873144e-01 8.940455921098556802e-01 -3.552713678800500929e-15 0.000000000000000000e+00 0.000000000000000000e+00 0.000000000000000000e+00 1.000000000000000000e+00
9.022125406164961392e-01 8.496861718659197427e-02 4.228390540710798562e-01 2.090493833261817258e+00 -5.754013241094787373e-02 9.953507393100575751e-01 -7.724013799218858167e-02 1.421085471520200372e-14 -4.274361527953126072e-01 4.535680597573132217e-02 9.029070248011265010e-01 -2.131628207280300558e-14 0.000000000000000000e+00 0.000000000000000000e+00 0.000000000000000000e+00 1.000000000000000000e+00 1.974817950189691196e-01 9.150397213394332319e-01 -3.517147267419127865e-01 1.515609090459690833e+00 -9.624400897480800410e-01 1.127884690762247510e-01 -2.469571519295385986e-01 0.000000000000000000e+00 -1.863062379036019289e-01 3.872738948270256221e-01 9.029445808595965017e-01 0.000000000000000000e+00 0.000000000000000000e+00 0.000000000000000000e+00 0.000000000000000000e+00 1.000000000000000000e+00
9.403559178044793576e-01 1.656373468507731095e-01 -2.971447747787802074e-01 2.090493833261817258e+00 -8.291988365807621830e-02 9.587164541752442037e-01 2.720056127872695906e-01 0.000000000000000000e+00 3.299318728832157377e-01 -2.311428775062809859e-01 9.152693207105162543e-01 1.776356839400250465e-15 0.000000000000000000e+00 0.000000000000000000e+00 0.000000000000000000e+00 1.000000000000000000e+00 7.541672250397963850e-01 -6.341440902329692486e-01 -1.705669062226693455e-01 1.515609090459690833e+00 4.210676297795717948e-01 6.662952606257686039e-01 -6.154288560178605705e-01 2.131628207280300558e-14 5.039184932383277138e-01 3.923160696303923389e-01 7.695155967764231164e-01 3.552713678800500929e-15 0.000000000000000000e+00 0.000000000000000000e+00 0.000000000000000000e+00 1.000000000000000000e+00
5.357687298414146593e-01 8.375777584667287723e-01 -1.068427191996133563e-01 2.090493833261824363e+00 -8.128057149384351199e-01 4.773269531293242718e-01 -3.339249160809887318e-01 1.865174681370262988e-14 -2.286891730877017026e-01 2.657489009161204674e-01 9.365248441842518590e-01 -2.842170943040400743e-14 0.000000000000000000e+00 0.000000000000000000e+00 0.000000000000000000e+00 1.000000000000000000e+00 1.669306777264467634e-01 9.436177663331701826e-01 -2.858665071220964360e-01 1.515609090459690833e+00 -9.727940124352973950e-01 2.048642793104445969e-01 1.081778000915463861e-01 7.105427357601001859e-15 1.606423300497835660e-01 2.600310329999298009e-01 9.521438461037101675e-01 4.263256414560601115e-14 0.000000000000000000e+00 0.000000000000000000e+00 0.000000000000000000e+00 1.000000000000000000e+00
7.515803256730202442e-01 4.267918846208083039e-01 -5.029668987945981051e-01 2.090493833261788836e+00 -6.192174458108445911e-01 7.192947528687436698e-01 -3.149362051257157402e-01 2.042810365310288034e-14 2.273692346486891613e-01 5.481457340136031142e-01 8.048847653036784733e-01 0.000000000000000000e+00 0.000000000000000000e+00 0.000000000000000000e+00 0.000000000000000000e+00 1.000000000000000000e+00 9.477471765582143881e-01 -1.968357910360704621e-02 -3.184145820147138428e-01 1.515609090459705044e+00 -7.807194530957579925e-02 9.534355476046180167e-01 -2.913167141093362944e-01 1.598721155460225418e-14 3.093219369548682041e-01 3.009538391141641234e-01 9.020791129612382164e-01 -7.105427357601001859e-15 0.000000000000000000e+00 0.000000000000000000e+00 0.000000000000000000e+00 1.000000000000000000e+00
8.048540900232223905e-01 5.890087870185828356e-01 -7.265357931849249218e-02 2.090493833261803047e+00 -5.481561728901501729e-01 6.908864061860298111e-01 -4.713817814359992364e-01 7.105427357601001859e-15 -2.274526409943716521e-01 4.192190627371925049e-01 8.789315522510472434e-01 0.000000000000000000e+00 0.000000000000000000e+00 0.000000000000000000e+00 0.000000000000000000e+00 1.000000000000000000e+00 8.862544540400392190e-01 2.146322035767992964e-01 -4.104705347305204755e-01 1.515609090459694386e+00 -1.677316771472253387e-01 9.747315614465029698e-01 1.475278536461544221e-01 1.421085471520200372e-14 4.317628135626909169e-01 -6.189830617900279885e-02 8.998608073011067354e-01 -7.105427357601001859e-15 0.000000000000000000e+00 0.000000000000000000e+00 0.000000000000000000e+00 1.000000000000000000e+00
9.000140395011005934e-01 3.946775412832804752e-01 -1.849442270185683579e-01 2.090493833261803047e+00 -4.286441810443414324e-01 8.783753190534756561e-01 -2.114733196753922351e-01 1.421085471520200372e-14 7.898667455803640158e-02 2.696042234170103469e-01 9.597263505593527366e-01 -1.421085471520200372e-14 0.000000000000000000e+00 0.000000000000000000e+00 0.000000000000000000e+00 1.000000000000000000e+00 5.389205120834656970e-01 7.523714758186320628e-01 -3.788163724420957612e-01 1.515609090459683728e+00 -6.239580032929585851e-01 6.586670511319796528e-01 4.205164989388245345e-01 3.108624468950438313e-15 5.658984818696366492e-01 9.740540415994368081e-03 8.244173882749228355e-01 0.000000000000000000e+00 0.000000000000000000e+00 0.000000000000000000e+00 0.000000000000000000e+00 1.000000000000000000e+00
9.028351859427157233e-01 6.050653160290202226e-02 4.257083351981363895e-01 2.090493833261810153e+00 -1.979336517954178309e-01 9.373989408895604392e-01 2.865405645036327997e-01 1.421085471520200372e-14 -3.817209668209386453e-01 -3.429609092192830722e-01 8.582930258581684679e-01 -3.552713678800500929e-15 0.000000000000000000e+00 0.000000000000000000e+00 0.000000000000000000e+00 1.000000000000000000e+00 2.931847765325391597e-01 9.317075536827644777e-01 2.143915138713366475e-01 1.515609090459676622e+00 -8.459600376230825836e-01 3.572893059951497419e-01 -3.958484136209932669e-01 1.421085471520200372e-14 -4.454147522863581843e-01 -6.530992445243451183e-02 8.929391425028356810e-01 1.065814103640150279e-14 0.000000000000000000e+00 0.000000000000000000e+00 0.000000000000000000e+00 1.000000000000000000e+00
7.952109364693288329e-01 3.953705628863819488e-01 -4.596973836367557742e-01 2.090493833261788836e+00 -4.669974358183768270e-01 8.829297848588761877e-01 -4.846018931163552368e-02 3.108624468950438313e-14 3.867207797088671462e-01 2.532135719347681779e-01 8.867524601202986245e-01 7.105427357601001859e-15 0.000000000000000000e+00 0.000000000000000000e+00 0.000000000000000000e+00 1.000000000000000000e+00 8.522942840705336476e-01 -4.921884783804299224e-02 5.207417386365261747e-01 1.515609090459683728e+00 7.401566865214050106e-02 9.968937346479940231e-01 -2.691770074786302772e-02 0.000000000000000000e+00 -5.177993183991970172e-01 6.148485046798544962e-02 8.532897977992333072e-01 -8.881784197001252323e-15 0.000000000000000000e+00 0.000000000000000000e+00 0.000000000000000000e+00 1.000000000000000000e+00
3.532308134334246619e-01 8.132560795656912367e-01 -4.624311208067675705e-01 2.090493833261804824e+00 -8.658023717283412912e-01 4.714335535117127884e-01 1.677398513558965576e-01 3.552713678800500929e-14 3.544210004369667821e-01 3.411230770158493741e-01 8.706439000972202580e-01 7.105427357601001859e-15 0.000000000000000000e+00 0.000000000000000000e+00 0.000000000000000000e+00 1.000000000000000000e+00 9.843494376960858494e-01 -4.402899829945115112e-02 -1.706388930348134714e-01 1.515609090459705044e+00 -4.769489216054845215e-02 8.655900981552091533e-01 -4.984766586686371626e-01 3.996802888650563546e-15 1.696507641279379752e-01 4.988138222667875543e-01 8.499431680685506363e-01 -7.105427357601001859e-15 0.000000000000000000e+00 0.000000000000000000e+00 0.000000000000000000e+00 1.000000000000000000e+00
9.855761356767098746e-01 -1.690067187531964776e-01 8.741269978757805134e-03 2.090493833261817258e+00 1.568552825934753370e-01 8.928832115721732077e-01 -4.220852885556219958e-01 1.953992523340275511e-14 6.353031644092908825e-02 4.173683019933828175e-01 9.065139819021412748e-01 0.000000000000000000e+00 0.000000000000000000e+00 0.000000000000000000e+00 0.000000000000000000e+00 1.000000000000000000e+00 9.433376001915878550e-01 1.210320363542664590e-01 -3.089747857685402610e-01 1.515609090459662411e+00 -6.403106278367831639e-02 9.800039593865947918e-01 1.883939027288039636e-01 1.065814103640150279e-14 3.255982110877891356e-01 -1.579350681847984106e-01 9.322243931446412279e-01 0.000000000000000000e+00 0.000000000000000000e+00 0.000000000000000000e+00 0.000000000000000000e+00 1.000000000000000000e+00
6.168963613019180503e-01 7.098955129373916151e-01 3.398341361956020990e-01 2.090493833261803047e+00 -7.330483229376723031e-01 6.754271898805747076e-01 -8.023881484852744828e-02 1.421085471520200372e-14 -2.864943902604717985e-01 -1.996158106999236515e-01 9.370562909814397212e-01 0.000000000000000000e+00 0.000000000000000000e+00 0.000000000000000000e+00 0.000000000000000000e+00 1.000000000000000000e+00 9.265695664369377749e-01 -3.689839854792236751e-01 -7.293597886320045409e-02 1.515609090459690833e+00 2.954391535166998595e-01 8.340014828501025601e-01 -4.660013231452954652e-01 9.325873406851314940e-15 2.327757399777755920e-01 4.102345000895199489e-01 8.817727087033827571e-01 0.000000000000000000e+00 0.000000000000000000e+00 0.000000000000000000e+00 0.000000000000000000e+00 1.000000000000000000e+00
8.874998805638245614e-01 3.920102403411859782e-01 2.422229003765802302e-01 2.090493833261810153e+00 -4.155062703267063395e-01 9.080552441711154943e-01 5.282246541506561976e-02 2.486899575160350651e-14 -1.992448275825174919e-01 -1.475250656701476704e-01 9.687816336412615748e-01 -7.105427357601001859e-15 0.000000000000000000e+00 0.000000000000000000e+00 0.000000000000000000e+00 1.000000000000000000e+00 1.497800481983834198e-01 8.818544765161614452e-01 4.471002341870298769e-01 1.515609090459680175e+00 -9.402662983418289544e-01 2.668691408165840828e-01 -2.113767959885212155e-01 3.552713678800500929e-15 -3.057208291305069658e-01 -3.887332554956228758e-01 8.691497170841915310e-01 -7.105427357601001859e-15 0.000000000000000000e+00 0.000000000000000000e+00 0.000000000000000000e+00 1.000000000000000000e+00
7.788457846269241092e-01 5.180969551264976714e-01 -3.535177348557251298e-01 2.090493833261817258e+00 -5.252823585645066684e-01 8.467961378889916624e-01 8.375407236186739601e-02 2.486899575160350651e-14 3.427501824212204617e-01 1.204651233550184108e-01 9.316707929871368421e-01 0.000000000000000000e+00 0.000000000000000000e+00 0.000000000000000000e+00 0.000000000000000000e+00 1.000000000000000000e+00 9.149873451148784476e-01 2.783461357430716543e-01 -2.920985912265340323e-01 1.515609090459689057e+00 -6.192697362003149464e-02 8.122452069492083204e-01 5.800196321904127483e-01 -3.552713678800500929e-15 3.987019039556874422e-01 -5.126218416190801985e-01 7.604312192941400372e-01 0.000000000000000000e+00 0.000000000000000000e+00 0.000000000000000000e+00 0.000000000000000000e+00 1.000000000000000000e+00
1.865773413432804118e-01 7.935729141756258098e-01 -5.791639885076401706e-01 2.090493833261798606e+00 -9.792891616157881618e-01 1.974038908531439152e-01 -4.499379754907439910e-02 2.842170943040400743e-14 7.862336573258665862e-02 5.755638398673469380e-01 8.139684469302449488e-01 7.105427357601001859e-15 0.000000000000000000e+00 0.000000000000000000e+00 0.000000000000000000e+00 1.000000000000000000e+00 8.264667529294557058e-01 2.829405426020294989e-01 -4.867210244629988636e-01 1.515609090459697939e+00 -3.457065943919107598e-01 9.373981071810909560e-01 -4.209203306155314545e-02 -1.421085471520200372e-14 4.443418243831981918e-01 2.030503336746263543e-01 8.725427812425210483e-01 0.000000000000000000e+00 0.000000000000000000e+00 0.000000000000000000e+00 0.000000000000000000e+00 1.000000000000000000e+00
6.761324640766119831e-01 7.103942184430251938e-01 -1.954096861069391788e-01 2.090493833261806600e+00 -7.313326948789162785e-01 6.149068502093022470e-01 -2.950289053072883139e-01 1.421085471520200372e-14 -8.942807401946592516e-02 3.423881130652732252e-01 9.352930020099426978e-01 1.421085471520200372e-14 0.000000000000000000e+00 0.000000000000000000e+00 0.000000000000000000e+00 1.000000000000000000e+00 9.810067907577477708e-01 8.185099660963622570e-02 1.758581554582951123e-01 1.515609090459690833e+00 -1.150826392754372984e-01 9.754061852981915637e-01 1.879860628329388106e-01 7.105427357601001859e-15 -1.561462859775542278e-01 -2.046538248751763878e-01 9.662997202417976661e-01 0.000000000000000000e+00 0.000000000000000000e+00 0.000000000000000000e+00 0.000000000000000000e+00 1.000000000000000000e+00
8.658573725131368803e-01 1.353987392540161872e-01 -4.816203814967446317e-01 2.090493833261788836e+00 -3.262616135576839604e-01 8.826241970980982510e-01 -3.384196894621734897e-01 1.243449787580175325e-14 3.792682032327300834e-01 4.501574259138245160e-01 8.084020793585677822e-01 3.552713678800500929e-15 0.000000000000000000e+00 0.000000000000000000e+00 0.000000000000000000e+00 1.000000000000000000e+00 7.021781056525568943e-01 6.981662822250264133e-01 1.396773077714178468e-01 1.515609090459705044e+00 -7.095794579330741980e-01 7.023587585474657669e-01 5.647271173821343665e-02 7.105427357601001859e-15 -5.867623728215124596e-02 -1.387660500833954869e-01 9.885853946537250803e-01 -1.598721155460225418e-14 0.000000000000000000e+00 0.000000000000000000e+00 0.000000000000000000e+00 1.000000000000000000e+00
8.550098795612932623e-01 4.876870712521635398e-01 -1.764069907516988556e-01 2.090493833261788836e+00 -5.181326130807178965e-01 7.886654792195137986e-01 -3.309763694731114869e-01 2.309263891220325604e-14 -2.228679238315477151e-02 3.743902808847229258e-01 9.270033529951919871e-01 -7.105427357601001859e-15 0.000000000000000000e+00 0.000000000000000000e+00 0.000000000000000000e+00 1.000000000000000000e+00 8.351102907299450262e-01 -4.705641961412598828e-01 2.848861871465103723e-01 1.515609090459705044e+00 3.160073189627395918e-01 8.343081374416125851e-01 4.517403083196014357e-01 8.881784197001252323e-15 -4.502556792300659305e-01 -2.872268600055313259e-01 8.454410412396803354e-01 -1.776356839400250465e-15 0.000000000000000000e+00 0.000000000000000000e+00 0.000000000000000000e+00 1.000000000000000000e+00
5.659325514181940964e-01 8.215061233579828981e-01 6.962784307036821996e-02 2.090493833261788836e+00 -8.167723182830567419e-01 5.701581855367690022e-01 -8.833246035258165985e-02 2.842170943040400743e-14 -1.122645417387621303e-01 -6.879880141250504025e-03 9.936545375116181411e-01 1.776356839400250465e-15 0.000000000000000000e+00 0.000000000000000000e+00 0.000000000000000000e+00 1.000000000000000000e+00 8.557281568769363744e-01 4.582089857298247693e-01 -2.403619082226771675e-01 1.515609090459690833e+00 -3.648090982790942460e-01 8.637098940416867432e-01 3.477348713420793103e-01 1.598721155460225418e-14 3.669382009832114488e-01 -2.098803095360388116e-01 9.062596826121422922e-01 8.881784197001252323e-16 0.000000000000000000e+00 0.000000000000000000e+00 0.000000000000000000e+00 1.000000000000000000e+00
3.517056102849692723e-01 9.342274253662571359e-01 -5.934881117269147355e-02 2.090493833261810153e+00 -8.044489842428027560e-01 3.340524449675820184e-01 4.911932366817598483e-01 7.105427357601001859e-15 4.787118083406760038e-01 -1.250123262111181299e-01 8.690264224121639902e-01 -7.105427357601001859e-15 0.000000000000000000e+00 0.000000000000000000e+00 0.000000000000000000e+00 1.000000000000000000e+00 8.280892385365140607e-01 4.579692765358812645e-01 3.233146374187501615e-01 1.515609090459669517e+00 -5.379277677554606951e-01 8.114838704215279197e-01 2.283147930453127694e-01 3.552713678800500929e-15 -1.578034527430990097e-01 -3.629849443088492000e-01 9.183354509695561552e-01 1.421085471520200372e-14 0.000000000000000000e+00 0.000000000000000000e+00 0.000000000000000000e+00 1.000000000000000000e+00
9.199630480425542434e-01 -3.862608930135694729e-01 6.686189321738426894e-02 2.090493833261806600e+00 2.819786672974968211e-01 7.705409947345545074e-01 5.716245329082815241e-01 1.421085471520200372e-14 -2.723160322591761662e-01 -5.070198200877783501e-01 8.177865739988496863e-01 7.105427357601001859e-15 0.000000000000000000e+00 0.000000000000000000e+00 0.000000000000000000e+00 1.000000000000000000e+00 6.902248317956016788e-01 7.235258347803789070e-01 -1.000239861680085780e-02 1.515609090459692609e+00 -6.669253316751616589e-01 6.307452330695209053e-01 -3.967002053567042497e-01 1.021405182655144017e-14 -2.807138819914488104e-01 2.804831855306689214e-01 9.178937297377400828e-01 -1.421085471520200372e-14 0.000000000000000000e+00 0.000000000000000000e+00 0.000000000000000000e+00 1.000000000000000000e+00
5.578012520232442650e-01 8.129521576851383990e-01 1.672320320882898226e-01 2.090493833261795942e+00 -8.297968625903284767e-01 5.504131991833665083e-01 9.210036373423935441e-02 1.509903313490212895e-14 -1.717352836631503427e-02 -1.901423137542229413e-01 9.816063215177671664e-01 7.105427357601001859e-15 0.000000000000000000e+00 0.000000000000000000e+00 0.000000000000000000e+00 1.000000000000000000e+00 1.029827479046396821e-01 8.647657254445622055e-01 -4.915025877148048172e-01 1.515609090459690833e+00 -9.042693251685303135e-01 -1.244466777682644576e-01 -4.084238141339122663e-01 2.842170943040400743e-14 -4.143567800739601514e-01 4.865113200006571104e-01 7.691652581324497362e-01 -7.105427357601001859e-15 0.000000000000000000e+00 0.000000000000000000e+00 0.000000000000000000e+00 1.000000000000000000e+00
7.187370140916641281e-01 6.249937757767964897e-01 -3.046307351776283978e-01 2.090493833261799494e+00 -4.160503353350337719e-01 7.376464167069811673e-01 5.317705166582260556e-01 0.000000000000000000e+00 5.570630332755934777e-01 -2.554614338009047469e-01 7.902026529936361232e-01 0.000000000000000000e+00 0.000000000000000000e+00 0.000000000000000000e+00 0.000000000000000000e+00 1.000000000000000000e+00 8.870748720344570071e-01 1.188398721423166438e-01 -4.460664257644254005e-01 1.515609090459684616e+00 1.036237886449333789e-01 8.903719080402807684e-01 4.432831778892358798e-01 3.552713678800500929e-14 4.498447308037763492e-01 -4.394484613261350203e-01 7.775119085944410813e-01 7.105427357601001859e-15 0.000000000000000000e+00 0.000000000000000000e+00 0.000000000000000000e+00 1.000000000000000000e+00
2.650307867429040343e-01 9.531094836743315701e-01 -1.460855715273984834e-01 2.090493833261811929e+00 -9.639796129070054009e-01 2.583804057418778166e-01 -6.310999784759133147e-02 1.065814103640150279e-14 -2.240508821892259889e-02 1.575496050731703124e-01 9.872568733430983068e-01 1.421085471520200372e-14 0.000000000000000000e+00 0.000000000000000000e+00 0.000000000000000000e+00 1.000000000000000000e+00 9.147367086985392914e-01 -2.126333137406195006e-01 -3.435750684305353131e-01 1.515609090459697939e+00 1.319400429616245374e-01 9.609069802333575216e-01 -2.434124080692981473e-01 7.105427357601001859e-15 3.819012684224136756e-01 1.773269557244276373e-01 9.070317370141236513e-01 -1.421085471520200372e-14 0.000000000000000000e+00 0.000000000000000000e+00 0.000000000000000000e+00 1.000000000000000000e+00
9.693439060892590220e-01 -2.439287420866940725e-01 2.951542836586970933e-02 2.090493833261810153e+00 2.389944433045438910e-01 9.081427686386865927e-01 -3.437417167566545473e-01 1.776356839400250465e-14 5.704426173743371020e-02 3.402579617779194487e-01 9.386002725599258412e-01 7.105427357601001859e-15 0.000000000000000000e+00 0.000000000000000000e+00 0.000000000000000000e+00 1.000000000000000000e+00 8.987615293939701377e-01 -4.305901069860723629e-01 8.258252264937501752e-02 1.515609090459683728e+00 2.959522585044171428e-01 7.347887383121487481e-01 6.103259544995405239e-01 7.105427357601001859e-15 -3.234810256685026197e-01 -5.240970042037669252e-01 7.878339648790793071e-01 -3.552713678800500929e-15 0.000000000000000000e+00 0.000000000000000000e+00 0.000000000000000000e+00 1.000000000000000000e+00
7.588845463834533733e-01 6.231634440682366494e-01 1.891072902809244893e-01 2.090493833261817258e+00 -6.344133314411498636e-01 7.729928299349628773e-01 -1.345272789926834018e-03 7.105427357601001859e-15 -1.470169043005663811e-01 -1.189512792959842580e-01 9.819555096865268951e-01 7.105427357601001859e-15 0.000000000000000000e+00 0.000000000000000000e+00 0.000000000000000000e+00 1.000000000000000000e+00 8.228048113290336030e-01 -2.830037333342880213e-01 4.928500069723532051e-01 1.515609090459683728e+00 4.199047689014403506e-01 8.871063077600958025e-01 -1.916308529075582689e-01 0.000000000000000000e+00 -3.829781031699089344e-01 3.646248560522244442e-01 8.487499554293203019e-01 -1.065814103640150279e-14 0.000000000000000000e+00 0.000000000000000000e+00 0.000000000000000000e+00 1.000000000000000000e+00
-1.109396089705951827e-01 8.704571488639600840e-01 4.795797693325661859e-01 2.090493833261820811e+00 -9.862881826681082487e-01 -3.710553396339610899e-02 -1.608067165218294015e-01 1.421085471520200372e-14 -1.221802925626395420e-01 -4.908436933901841881e-01 8.626380728720421942e-01 0.000000000000000000e+00 0.000000000000000000e+00 0.000000000000000000e+00 0.000000000000000000e+00 1.000000000000000000e+00 7.206028835746788319e-01 6.161777046898927468e-01 3.178938823364694799e-01 1.515609090459683728e+00 -6.929735398915616296e-01 6.249861050377607530e-01 3.594162510514617437e-01 1.776356839400250465e-14 2.278502126433376226e-02 -4.792884358638588305e-01 8.773616347055298581e-01 -2.842170943040400743e-14 0.000000000000000000e+00 0.000000000000000000e+00 0.000000000000000000e+00 1.000000000000000000e+00
-1.547785494196052269e-02 9.868695464472236889e-01 1.607760377091268511e-01 2.090493833261803047e+00 -8.723269362077656908e-01 6.525887474132541222e-02 -4.845482387068069663e-01 2.486899575160350651e-14 -4.886779638706542084e-01 -1.477490357415131850e-01 8.598628204921321405e-01 7.105427357601001859e-15 0.000000000000000000e+00 0.000000000000000000e+00 0.000000000000000000e+00 1.000000000000000000e+00 9.592393073015821336e-01 1.882996103070020133e-01 2.107206873703009464e-01 1.515609090459697050e+00 -2.720806520153501995e-01 8.168890134421673554e-01 5.085906590927369297e-01 2.842170943040400743e-14 -7.636799150483683518e-02 -5.451931735410062707e-01 8.348247321431028212e-01 0.000000000000000000e+00 0.000000000000000000e+00 0.000000000000000000e+00 0.000000000000000000e+00 1.000000000000000000e+00
1.819776996875821506e-02 8.466088867526008199e-01 -5.319043467012520843e-01 2.090493833261803047e+00 -9.729926459096795988e-01 1.374364217580626990e-01 1.854630447825675321e-01 2.842170943040400743e-14 2.301176920052972752e-01 5.141640038410523195e-01 8.262452571605439777e-01 2.131628207280300558e-14 0.000000000000000000e+00 0.000000000000000000e+00 0.000000000000000000e+00 1.000000000000000000e+00 8.630403842602663023e-01 1.710937465411996317e-01 -4.752769982130291004e-01 1.515609090459705044e+00 -5.194595452203382147e-02 9.659638144697202389e-01 2.534078273138038462e-01 7.105427357601001859e-15 5.024568767015600290e-01 -1.940124713249216926e-01 8.425534095982935012e-01 -7.105427357601001859e-15 0.000000000000000000e+00 0.000000000000000000e+00 0.000000000000000000e+00 1.000000000000000000e+00
7.740191142639220034e-01 5.499617473507267817e-01 -3.137458959174272421e-01 2.090493833261803047e+00 -5.848365060365392498e-01 8.108676531989390535e-01 -2.144551707509236363e-02 2.042810365310288034e-14 2.426121842799051909e-01 2.000892936830466762e-01 9.492647694886569010e-01 -7.105427357601001859e-15 0.000000000000000000e+00 0.000000000000000000e+00 0.000000000000000000e+00 1.000000000000000000e+00 8.472771500774337605e-01 4.387567149780919884e-01 2.993559353316638805e-01 1.515609090459694386e+00 -5.236602287842057057e-01 7.843417358717965637e-01 3.325477501942994962e-01 1.154631945610162802e-14 -8.888979551295658754e-02 -4.385209076329774081e-01 8.943142724022772327e-01 -7.105427357601001859e-15 0.000000000000000000e+00 0.000000000000000000e+00 0.000000000000000000e+00 1.000000000000000000e+00
7.153813793070976645e-01 6.793681475989707952e-01 -1.633658537412805978e-01 2.090493833261810153e+00 -6.626176618548673680e-01 7.337969339179133410e-01 1.499329649231883888e-01 2.131628207280300558e-14 2.217370432261219493e-01 9.898487826184019286e-04 9.751059962182185847e-01 -7.105427357601001859e-15 0.000000000000000000e+00 0.000000000000000000e+00 0.000000000000000000e+00 1.000000000000000000e+00 2.917802507815148161e-02 9.046559570906712588e-01 4.251426138990308523e-01 1.515609090459694386e+00 -9.813234998672263343e-01 1.068302212688730934e-01 -1.599734116407524886e-01 0.000000000000000000e+00 -1.901389793305854337e-01 -4.125347295974064465e-01 8.908772448632403806e-01 1.776356839400250465e-15 0.000000000000000000e+00 0.000000000000000000e+00 0.000000000000000000e+00 1.000000000000000000e+00
