1.000000000000000000e+00 0.000000000000000000e+00 0.000000000000000000e+00 1.046566056005758583e+00 0.000000000000000000e+00 1.000000000000000000e+00 0.000000000000000000e+00 7.105427357601001859e-15 0.000000000000000000e+00 0.000000000000000000e+00 1.000000000000000000e+00 1.776356839400250465e-15 0.000000000000000000e+00 0.000000000000000000e+00 0.000000000000000000e+00 1.000000000000000000e+00
5.029254890051529925e-01 7.386043743120666027e-01 4.489204058137792885e-01 1.046566056005751477e+00 -7.043197984459207417e-01 6.512640607474243781e-01 -2.824690154616478766e-01 1.421085471520200372e-14 -5.009985768702595044e-01 -1.741226620111686330e-01 8.477509802696302499e-01 -4.440892098500626162e-15 0.000000000000000000e+00 0.000000000000000000e+00 0.000000000000000000e+00 1.000000000000000000e+00
9.692163673261839918e-01 -6.464132527641006098e-02 -2.375734252258548673e-01 1.046566056005751477e+00 1.435779253447647119e-01 9.322561266405895442e-01 3.320901890974473081e-01 2.131628207280300558e-14 2.000125312592405391e-01 -3.559775462126712475e-01 9.128389638548941587e-01 8.881784197001252323e-16 0.000000000000000000e+00 0.000000000000000000e+00 0.000000000000000000e+00 1.000000000000000000e+00
7.747444434424427540e-01 5.905483583300393802e-01 -2.258842266045925640e-01 1.046566056005758583e+00 -6.277146511237076121e-01 7.612261331195065983e-01 -1.628161264143244413e-01 1.421085471520200372e-14 7.579818018726891538e-02 2.679317277397705310e-01 9.604515735583339930e-01 -1.421085471520200372e-14 0.000000000000000000e+00 0.000000000000000000e+00 0.000000000000000000e+00 1.000000000000000000e+00
7.260149077740171153e-01 6.876759943668822039e-01 2.020015199237001902e-03 1.046566056005744372e+00 -5.853670048959549455e-01 6.195383026427033757e-01 -5.229892552794340732e-01 1.243449787580175325e-14 -3.608986329553278138e-01 3.785155456914786054e-01 8.523368808170028732e-01 8.881784197001252323e-16 0.000000000000000000e+00 0.000000000000000000e+00 0.000000000000000000e+00 1.000000000000000000e+00
9.090506218637388614e-01 2.621706840394115168e-01 3.238726591107324859e-01 1.046566056005772793e+00 -2.355814113674430388e-01 9.644796950245271283e-01 -1.195002782570767780e-01 7.105427357601001859e-15 -3.436980731794597732e-01 3.233342412585234887e-02 9.385234063021681283e-01 1.421085471520200372e-14 0.000000000000000000e+00 0.000000000000000000e+00 0.000000000000000000e+00 1.000000000000000000e+00
9.529669514081223758e-01 2.066878353178653593e-01 -2.216621940149566539e-01 1.046566056005751477e+00 -2.067327818625933344e-01 9.781208835622325903e-01 2.326142821906658498e-02 1.421085471520200372e-14 2.216202753072532283e-01 2.365746966715513017e-02 9.748460276893397003e-01 -3.552713678800500929e-15 0.000000000000000000e+00 0.000000000000000000e+00 0.000000000000000000e+00 1.000000000000000000e+00
8.889745768078700650e-01 -9.956968911148907087e-02 -4.470012067092321573e-01 1.046566056005744372e+00 -6.957049419517445654e-02 9.353864721810843941e-01 -3.467161576824256963e-01 1.065814103640150279e-14 4.526413018348054429e-01 3.393199444047857449e-01 8.246076807806398401e-01 7.105427357601001859e-15 0.000000000000000000e+00 0.000000000000000000e+00 0.000000000000000000e+00 1.000000000000000000e+00
9.094194494894154435e-01 3.985239169095888823e-01 -1.188905065234715508e-01 1.046566056005765688e+00 -4.144772864064423246e-01 8.450655803333528837e-01 -3.377465676938929962e-01 2.842170943040400743e-14 -3.412981018875609757e-02 3.564307121824557001e-01 9.336981864979640999e-01 1.065814103640150279e-14 0.000000000000000000e+00 0.000000000000000000e+00 0.000000000000000000e+00 1.000000000000000000e+00
3.361490895722144545e-01 9.256424923472671429e-01 1.737520242785995095e-01 1.046566056005772793e+00 -7.835771811444048884e-01 1.725211644056434679e-01 5.968611639417578107e-01 7.105427357601001859e-15 5.225041538299577404e-01 -3.367824582623933360e-01 7.833051672478480443e-01 7.105427357601001859e-15 0.000000000000000000e+00 0.000000000000000000e+00 0.000000000000000000e+00 1.000000000000000000e+00
8.341730215632137124e-01 2.761191306659825928e-01 -4.774029700120855368e-01 1.046566056005750589e+00 -1.713510139482576355e-01 9.525592374440843280e-01 2.515347474581766107e-01 7.105427357601001859e-15 5.242081648686923723e-01 -1.280200173418465648e-01 8.419125103268101373e-01 -7.105427357601001859e-15 0.000000000000000000e+00 0.000000000000000000e+00 0.000000000000000000e+00 1.000000000000000000e+00
8.593837045623130555e-01 5.292793781163966649e-02 -5.085845866045904939e-01 1.046566056005760359e+00 2.150302033271513785e-02 9.900077167791265786e-01 1.393640586175340645e-01 2.842170943040400743e-14 5.108789176011531152e-01 -1.307033056842397956e-01 8.496583886679907049e-01 -3.552713678800500929e-15 0.000000000000000000e+00 0.000000000000000000e+00 0.000000000000000000e+00 1.000000000000000000e+00
8.664141360726931307e-01 1.577830305519158094e-01 4.737415541022996224e-01 1.046566056005753254e+00 -2.265648421616061614e-01 9.696986996784574542e-01 9.139367668605544170e-02 1.421085471520200372e-14 -4.449661977158437254e-01 -1.865179538590372721e-01 8.759087485454992716e-01 -3.552713678800500929e-15 0.000000000000000000e+00 0.000000000000000000e+00 0.000000000000000000e+00 1.000000000000000000e+00
8.162656349549771706e-01 5.719440088198217698e-01 -8.118167260323962131e-02 1.046566056005762135e+00 -5.773708286643006726e-01 8.031644198113625510e-01 -1.468667455776703767e-01 1.421085471520200372e-14 -1.879732425231669599e-02 1.667542069160146134e-01 9.858193014324502235e-01 0.000000000000000000e+00 0.000000000000000000e+00 0.000000000000000000e+00 0.000000000000000000e+00 1.000000000000000000e+00
4.477057381262579128e-01 6.494339283009069597e-01 6.146504248924545832e-01 1.046566056005730161e+00 -8.202163422994224184e-01 5.720113075502522015e-01 -6.943764080636377622e-03 2.842170943040400743e-14 -3.560965092131334053e-01 -5.010375602749791435e-01 7.887690658994668258e-01 7.105427357601001859e-15 0.000000000000000000e+00 0.000000000000000000e+00 0.000000000000000000e+00 1.000000000000000000e+00
7.766660109810872292e-01 -1.397400243102593087e-01 6.142170894663333547e-01 1.046566056005751477e+00 2.946457882123283967e-01 9.424267694892627389e-01 -1.581633448014041488e-01 2.131628207280300558e-14 -5.567528777433138343e-01 3.038165725496228542e-01 7.731246493087245986e-01 0.000000000000000000e+00 0.000000000000000000e+00 0.000000000000000000e+00 0.000000000000000000e+00 1.000000000000000000e+00
9.320819507311849383e-01 2.503706330767706545e-01 2.617972177351891583e-01 1.046566056005753254e+00 -2.819893383324716396e-01 9.551374257046316707e-01 9.052353884567354569e-02 0.000000000000000000e+00 -2.273878848750825465e-01 -1.581993808807935775e-01 9.608682041263358897e-01 7.105427357601001859e-15 0.000000000000000000e+00 0.000000000000000000e+00 0.000000000000000000e+00 1.000000000000000000e+00
8.426265942261572661e-01 1.657982440366542742e-01 -5.123391113092859994e-01 1.046566056005758583e+00 7.538099166920586569e-02 9.057372182701697305e-01 4.170824828917920613e-01 2.309263891220325604e-14 5.331961447701906165e-01 -3.900654223519138819e-01 7.507002314423707467e-01 -8.881784197001252323e-16 0.000000000000000000e+00 0.000000000000000000e+00 0.000000000000000000e+00 1.000000000000000000e+00
9.572638278697422898e-01 -2.083487116959822222e-02 2.884646806725471024e-01 1.046566056005752365e+00 -6.900619833550634963e-02 9.521416570324791051e-01 2.977656956983554259e-01 2.842170943040400743e-14 -2.808631489595049824e-01 -3.049461806397828489e-01 9.100130320329263833e-01 -5.329070518200751394e-15 0.000000000000000000e+00 0.000000000000000000e+00 0.000000000000000000e+00 1.000000000000000000e+00
9.410717187836333819e-01 2.554072597962701585e-01 -2.217005903216735241e-01 1.046566056005758583e+00 -2.003243569091423537e-01 9.490996784519118989e-01 2.430636797043442543e-01 7.105427357601001859e-15 2.724961873761842512e-01 -1.843283266506753060e-01 9.443351607663486025e-01 1.421085471520200372e-14 0.000000000000000000e+00 0.000000000000000000e+00 0.000000000000000000e+00 1.000000000000000000e+00
1.936782334659727933e-01 9.355278350260762821e-01 -2.954258143306416895e-01 1.046566056005755030e+00 -9.805537578763825479e-01 1.943133376355314912e-01 -2.750735776923030756e-02 7.105427357601001859e-15 3.167127714514603870e-02 2.950084688756621776e-01 9.549695982049024590e-01 1.421085471520200372e-14 0.000000000000000000e+00 0.000000000000000000e+00 0.000000000000000000e+00 1.000000000000000000e+00
8.390101419938493787e-01 4.387456839400877828e-01 -3.218139314190815448e-01 1.046566056005751477e+00 -4.454364960183322952e-01 8.935065486856710315e-01 5.685398377185837959e-02 2.842170943040400743e-14 3.124872951759334327e-01 9.564660098385666109e-02 9.450943963826385907e-01 1.332267629550187849e-14 0.000000000000000000e+00 0.000000000000000000e+00 0.000000000000000000e+00 1.000000000000000000e+00
4.785768297985838471e-01 8.727978982563359134e-01 -9.585429974320394675e-02 1.046566056005759471e+00 -8.487525307555460197e-01 4.318829603176868037e-01 -3.051167811236992211e-01 -2.842170943040400743e-14 -2.249074465552293733e-01 2.273784013193733688e-01 9.474786029760527972e-01 2.131628207280300558e-14 0.000000000000000000e+00 0.000000000000000000e+00 0.000000000000000000e+00 1.000000000000000000e+00
7.538249162941721426e-01 6.426844808443056278e-01 -1.367649577047045095e-01 1.046566056005762135e+00 -5.269748269251853801e-01 7.156552092383030583e-01 4.584050100917870241e-01 2.842170943040400743e-14 3.924863403498968228e-01 -2.734854284454035223e-01 8.781572712599827746e-01 -7.105427357601001859e-15 0.000000000000000000e+00 0.000000000000000000e+00 0.000000000000000000e+00 1.000000000000000000e+00
9.610492864467315988e-01 -2.763640487648753585e-01 2.679845240617822252e-03 1.046566056005762135e+00 2.743058243538834540e-01 9.526173105917433714e-01 -1.314403830125669415e-01 2.131628207280300558e-14 3.377252945463950912e-02 1.270557834623810556e-01 9.913204548192254828e-01 8.881784197001252323e-16 0.000000000000000000e+00 0.000000000000000000e+00 0.000000000000000000e+00 1.000000000000000000e+00
4.783606510020564917e-01 8.433341686305673157e-01 -2.448643861264402644e-01 1.046566056005747036e+00 -8.458772955046289788e-01 5.174114337819374354e-01 1.295260944423724525e-01 1.421085471520200372e-14 2.359294142803378957e-01 1.451650378428273602e-01 9.608664960677041345e-01 0.000000000000000000e+00 0.000000000000000000e+00 0.000000000000000000e+00 0.000000000000000000e+00 1.000000000000000000e+00
6.174270664858449997e-01 7.568190133670191777e-01 2.144966167025848525e-01 1.046566056005751477e+00 -6.881092496783606238e-01 6.517614408199885467e-01 -3.189242618041722710e-01 2.131628207280300558e-14 -3.811685691105280993e-01 4.931536541915122751e-02 9.231893178843699754e-01 -1.421085471520200372e-14 0.000000000000000000e+00 0.000000000000000000e+00 0.000000000000000000e+00 1.000000000000000000e+00
8.162661131835632355e-01 1.478962818326974293e-01 -5.584230674750655377e-01 1.046566056005758583e+00 -3.809360448603575922e-01 8.645194780927092371e-01 -3.278624737972573588e-01 1.421085471520200372e-14 4.342779780213887886e-01 4.803465018279751697e-01 7.620169788051189830e-01 2.131628207280300558e-14 0.000000000000000000e+00 0.000000000000000000e+00 0.000000000000000000e+00 1.000000000000000000e+00
9.243085118767103703e-01 4.565061029448873320e-02 -3.789060525407344504e-01 1.046566056005752587e+00 -7.601043211772030850e-02 9.949501038799495323e-01 -6.554925627766530760e-02 3.197442310920450836e-14 3.740002527827200884e-01 8.938854831027479020e-02 9.231107725237763795e-01 -1.421085471520200372e-14 0.000000000000000000e+00 0.000000000000000000e+00 0.000000000000000000e+00 1.000000000000000000e+00
7.814202937802017246e-01 6.179299724239437630e-01 -8.686123213843513491e-02 1.046566056005755030e+00 -4.804334295279694689e-01 6.846021730087555879e-01 5.481820724026675862e-01 2.531308496145356912e-14 3.982035211552714671e-01 -3.866295564126389084e-01 8.318362470148252807e-01 1.421085471520200372e-14 0.000000000000000000e+00 0.000000000000000000e+00 0.000000000000000000e+00 1.000000000000000000e+00
8.852427129035915776e-01 4.414084222017530257e-01 -1.466422315039166424e-01 1.046566056005751477e+00 -3.760886735418120796e-01 8.647820025025266810e-01 3.327302177159149887e-01 1.421085471520200372e-14 2.736834830322239509e-01 -2.393965182643199019e-01 9.315506739615787568e-01 4.440892098500626162e-15 0.000000000000000000e+00 0.000000000000000000e+00 0.000000000000000000e+00 1.000000000000000000e+00
9.094347665854333185e-01 3.083086287918216373e-01 2.790594824373563432e-01 1.046566056005758583e+00 -3.384407015725704460e-01 9.386780111167702945e-01 6.588993067935880465e-02 3.552713678800500929e-14 -2.416325657786316805e-01 -1.543676807442903309e-01 9.580106065680400462e-01 7.105427357601001859e-15 0.000000000000000000e+00 0.000000000000000000e+00 0.000000000000000000e+00 1.000000000000000000e+00
1.389357990723312231e-01 9.677297536833353586e-01 -2.102283700458241200e-01 1.046566056005772793e+00 -9.688946306129369024e-01 8.893358725148836630e-02 -2.309415766552278815e-01 2.131628207280300558e-14 -2.047926720015962876e-01 2.357751914315266706e-01 9.499842212373179606e-01 3.552713678800500929e-15 0.000000000000000000e+00 0.000000000000000000e+00 0.000000000000000000e+00 1.000000000000000000e+00
3.684041338851594682e-01 8.940978570167463779e-01 2.546908247550097593e-01 1.046566056005737266e+00 -7.912146567155966537e-01 4.453848282592278718e-01 -4.190605227827101653e-01 4.263256414560601115e-14 -4.881165446230497640e-01 -4.713148453592079512e-02 8.715049409100872335e-01 -6.217248937900876626e-15 0.000000000000000000e+00 0.000000000000000000e+00 0.000000000000000000e+00 1.000000000000000000e+00
9.226432476462695931e-01 -3.150045573526359388e-01 -2.224894748517652898e-01 1.046566056005744372e+00 1.787221138370210793e-01 8.604705934237204534e-01 -4.771255221413515657e-01 2.486899575160350651e-14 3.417423643600121519e-01 4.004528520314225015e-01 8.502056631789325358e-01 -3.552713678800500929e-15 0.000000000000000000e+00 0.000000000000000000e+00 0.000000000000000000e+00 1.000000000000000000e+00
1.274371515270953381e-01 9.905279609687173137e-01 5.112857273399738084e-02 1.046566056005752365e+00 -9.918420112223557128e-01 1.271095088660993966e-01 9.622761049276166989e-03 2.209343819004061515e-14 3.032686111785663774e-03 -5.193776366936209143e-02 9.986457187210951991e-01 0.000000000000000000e+00 0.000000000000000000e+00 0.000000000000000000e+00 0.000000000000000000e+00 1.000000000000000000e+00
9.873959168757909799e-01 -1.069304647830774391e-01 1.166840993378750607e-01 1.046566056005762135e+00 8.161897897040140681e-02 9.756774049833782936e-01 2.034501011961653560e-01 2.131628207280300558e-14 -1.356010531258707852e-01 -1.913621621590219091e-01 9.721074412249804952e-01 7.105427357601001859e-15 0.000000000000000000e+00 0.000000000000000000e+00 0.000000000000000000e+00 1.000000000000000000e+00
8.554007507477756622e-01 4.345035999910375479e-01 -2.819506645052821669e-01 1.046566056005758583e+00 -4.295747563524289769e-01 8.992520038821693040e-01 8.253097732763277350e-02 2.842170943040400743e-14 2.894047068119193211e-01 5.052182804225728574e-02 9.558726173326524966e-01 6.217248937900876626e-15 0.000000000000000000e+00 0.000000000000000000e+00 0.000000000000000000e+00 1.000000000000000000e+00
6.902505367853905005e-01 6.350108149426962889e-01 -3.468651919309472254e-01 1.046566056005751477e+00 -7.231520669797806278e-01 5.891190713583280836e-01 -3.605409932098872505e-01 1.421085471520200372e-14 -2.460253016157176731e-02 4.996998946044653445e-01 8.658491386159226089e-01 1.065814103640150279e-14 0.000000000000000000e+00 0.000000000000000000e+00 0.000000000000000000e+00 1.000000000000000000e+00
4.248886940081297858e-03 8.584947393546662475e-01 5.128047673921667382e-01 1.046566056005751477e+00 -9.999906210539613038e-01 4.078187210650674466e-03 1.458147176274293688e-03 2.131628207280300558e-14 -8.395021639031052807e-04 -5.128061533264187677e-01 8.585040153352098136e-01 0.000000000000000000e+00 0.000000000000000000e+00 0.000000000000000000e+00 0.000000000000000000e+00 1.000000000000000000e+00
8.656733888065504257e-01 -3.376988194503878216e-01 -3.695525554694450432e-01 1.046566056005765688e+00 4.519654556985900906e-01 8.446444977657368014e-01 2.868848187848778708e-01 2.131628207280300558e-14 2.152598679906422841e-01 -4.153735424119845421e-01 8.838144655394426508e-01 3.552713678800500929e-15 0.000000000000000000e+00 0.000000000000000000e+00 0.000000000000000000e+00 1.000000000000000000e+00
5.508049155267730201e-01 7.942424124442745148e-01 2.565013358761382145e-01 1.046566056005755030e+00 -8.302508417743356128e-01 4.899418244606379425e-01 2.657828970742636687e-01 2.131628207280300558e-14 8.542531688294542624e-02 -3.593549761988560909e-01 9.292827967398126221e-01 0.000000000000000000e+00 0.000000000000000000e+00 0.000000000000000000e+00 0.000000000000000000e+00 1.000000000000000000e+00
9.766414485893902819e-01 -2.136834873661790368e-01 -2.260194956735851746e-02 1.046566056005751477e+00 2.137169504621798666e-01 9.550788251792635686e-01 2.053034407391746696e-01 2.131628207280300558e-14 -2.228331174586877655e-02 -2.053382694999294489e-01 9.784373506241524909e-01 0.000000000000000000e+00 0.000000000000000000e+00 0.000000000000000000e+00 0.000000000000000000e+00 1.000000000000000000e+00
8.189249837207219773e-01 4.370969610567601582e-01 3.718979936393316810e-01 1.046566056005744372e+00 -3.481105459659197821e-01 8.935198440865532721e-01 -2.836218186438603794e-01 2.131628207280300558e-14 -4.562684723113405449e-01 1.028033796063469590e-01 8.838837855262358101e-01 -3.552713678800500929e-15 0.000000000000000000e+00 0.000000000000000000e+00 0.000000000000000000e+00 1.000000000000000000e+00
9.666451123734151052e-01 -1.953516618517588121e-01 -1.656350051660088474e-01 1.046566056005754142e+00 2.538995686873094515e-01 8.158685550066965275e-01 5.195127620874037122e-01 4.263256414560601115e-14 3.364871089634668272e-02 -5.442391286585716026e-01 8.382550537228946608e-01 2.131628207280300558e-14 0.000000000000000000e+00 0.000000000000000000e+00 0.000000000000000000e+00 1.000000000000000000e+00
2.269899186932923252e-01 9.094052842743003406e-01 -3.485076839118348979e-01 1.046566056005772793e+00 -8.950117222062325961e-01 3.358742324601157181e-01 2.935004549958338815e-01 0.000000000000000000e+00 3.839656155504629353e-01 2.452968179640880875e-01 8.901684543790838733e-01 0.000000000000000000e+00 0.000000000000000000e+00 0.000000000000000000e+00 0.000000000000000000e+00 1.000000000000000000e+00
5.689893353389012809e-01 8.110572514749899709e-01 -1.357839132608514854e-01 1.046566056005751477e+00 -7.490845006122209826e-01 4.430579089623092326e-01 -4.925160913599531121e-01 2.486899575160350651e-14 -3.392986106855361284e-01 3.819500283227913462e-01 8.596456413261710505e-01 -1.421085471520200372e-14 0.000000000000000000e+00 0.000000000000000000e+00 0.000000000000000000e+00 1.000000000000000000e+00
7.425596570618675507e-01 6.663035324894783784e-01 -6.815246361067583969e-02 1.046566056005758583e+00 -6.675327561712947055e-01 7.278988593519162276e-01 -1.567267366869297962e-01 2.253752739989067777e-14 -5.481947776581571480e-02 1.618729537205705060e-01 9.852877608654546648e-01 -7.105427357601001859e-15 0.000000000000000000e+00 0.000000000000000000e+00 0.000000000000000000e+00 1.000000000000000000e+00
7.725444155026673920e-01 5.840776857014925438e-01 2.490549801574554190e-01 1.046566056005758583e+00 -6.249913711764752966e-01 6.302456583516903299e-01 4.606258743099368447e-01 2.842170943040400743e-14 1.120754747060718620e-01 -5.115111603811132168e-01 8.519362774145585737e-01 -1.776356839400250465e-15 0.000000000000000000e+00 0.000000000000000000e+00 0.000000000000000000e+00 1.000000000000000000e+00
8.112252506772955618e-01 5.828301974146528064e-01 4.714396721910430604e-02 1.046566056005751477e+00 -5.839075744649260269e-01 8.031573947851612383e-01 1.182799377933530932e-01 2.131628207280300558e-14 3.107309360275996302e-02 -1.234793917360689636e-01 9.918605258152198845e-01 -7.105427357601001859e-15 0.000000000000000000e+00 0.000000000000000000e+00 0.000000000000000000e+00 1.000000000000000000e+00
9.118017317265747490e-01 -2.617553798640944174e-01 -3.163885635300729415e-01 1.046566056005758583e+00 3.577392043512828690e-01 8.846252820126766503e-01 2.990999366333990661e-01 2.842170943040400743e-14 2.015943047075745564e-01 -3.859044331647357162e-01 9.002430253955171491e-01 -1.421085471520200372e-14 0.000000000000000000e+00 0.000000000000000000e+00 0.000000000000000000e+00 1.000000000000000000e+00
6.757813582628668936e-02 9.603828269520320315e-01 -2.703664573386779235e-01 1.046566056005765688e+00 -8.322635351266678416e-01 -9.518811647088654126e-02 -5.461470777924080089e-01 2.131628207280300558e-14 -5.502459483328392409e-01 2.619237449685463681e-01 7.928589711701232723e-01 0.000000000000000000e+00 0.000000000000000000e+00 0.000000000000000000e+00 0.000000000000000000e+00 1.000000000000000000e+00
1.495837581453492993e-01 9.025917395157433409e-01 4.036741892381258134e-01 1.046566056005751477e+00 -9.746357366819263790e-01 2.033349947900374710e-01 -9.348829165309591183e-02 2.398081733190338127e-14 -1.664628489531299049e-01 -3.794509607995215084e-01 9.101137776491066145e-01 7.105427357601001859e-15 0.000000000000000000e+00 0.000000000000000000e+00 0.000000000000000000e+00 1.000000000000000000e+00
9.117744400703493568e-01 3.708254965045741924e-01 1.765101174905757131e-01 1.046566056005759471e+00 -4.087367108902698054e-01 8.612320079488818836e-01 3.020161082706366296e-01 3.552713678800500929e-15 -4.002088960786347877e-02 -3.475167328726387339e-01 9.368193255737854441e-01 -7.105427357601001859e-15 0.000000000000000000e+00 0.000000000000000000e+00 0.000000000000000000e+00 1.000000000000000000e+00
8.393159718651312939e-01 -5.431865500486384724e-01 -2.229509404214330068e-02 1.046566056005751477e+00 4.445678735755723143e-01 7.093821681089600428e-01 -5.469335840424549566e-01 3.552713678800500929e-14 3.129027087715669508e-01 4.491384100867894524e-01 8.368790733601402243e-01 3.552713678800500929e-15 0.000000000000000000e+00 0.000000000000000000e+00 0.000000000000000000e+00 1.000000000000000000e+00
3.644812093479730120e-01 7.424125090187444487e-01 -5.621184167813146892e-01 1.046566056005751477e+00 -8.702211280776906976e-01 4.864191874563489337e-01 7.817648189511108847e-02 2.842170943040400743e-14 3.314643816150242839e-01 4.606734641009812004e-01 8.233537047914289975e-01 7.105427357601001859e-15 0.000000000000000000e+00 0.000000000000000000e+00 0.000000000000000000e+00 1.000000000000000000e+00
8.645376034559660861e-01 3.254339214939709346e-01 -3.829719244953482815e-01 1.046566056005758583e+00 -3.798892286233567228e-01 9.220635999065940336e-01 -7.404655092064363342e-02 3.907985046680551022e-14 3.290272119241292037e-01 2.095029366580536401e-01 9.207874963014461844e-01 3.552713678800500929e-15 0.000000000000000000e+00 0.000000000000000000e+00 0.000000000000000000e+00 1.000000000000000000e+00
2.745915664216179719e-01 8.535022343319642602e-01 -4.428695153659448769e-01 1.046566056005751477e+00 -9.442453931313892213e-01 3.263564376892165164e-01 4.349842674112275320e-02 2.131628207280300558e-14 1.816593218094530726e-01 4.062331985069035367e-01 8.955302782321657995e-01 -1.421085471520200372e-14 0.000000000000000000e+00 0.000000000000000000e+00 0.000000000000000000e+00 1.000000000000000000e+00
9.965906958962015283e-01 2.388883794714566008e-02 7.897029995295617999e-02 1.046566056005751477e+00 -7.717384193235306972e-03 9.799590229484607118e-01 -1.990496303013703783e-01 2.486899575160350651e-14 -8.214272234555450303e-02 1.977615654353323260e-01 9.768024039703362416e-01 7.105427357601001859e-15 0.000000000000000000e+00 0.000000000000000000e+00 0.000000000000000000e+00 1.000000000000000000e+00
1.263948121606311981e-01 8.891692937035180488e-01 4.397753046655366038e-01 1.046566056005751477e+00 -8.151708110927617934e-01 -1.595225543494200870e-01 5.568205306884841388e-01 1.421085471520200372e-14 5.652617979319383146e-01 -4.288712181863258421e-01 7.046620310546960475e-01 -1.421085471520200372e-14 0.000000000000000000e+00 0.000000000000000000e+00 0.000000000000000000e+00 1.000000000000000000e+00
7.126871329605068972e-01 6.887571742837949040e-01 -1.330060351455341627e-01 1.046566056005753254e+00 -6.535691354315270596e-01 7.208357343251908800e-01 2.307449443241370579e-01 2.020605904817784904e-14 2.548027388467774546e-01 -7.752031341825897648e-02 9.638807837506232490e-01 0.000000000000000000e+00 0.000000000000000000e+00 0.000000000000000000e+00 0.000000000000000000e+00 1.000000000000000000e+00
7.766637160277952701e-01 6.083352145322937776e-01 -1.634678530043275624e-01 1.046566056005755030e+00 -3.641060448656380233e-01 6.453135512945243901e-01 6.715632573391365767e-01 1.421085471520200372e-14 5.140235989701235075e-01 -4.620591815726611262e-01 7.226901496673414638e-01 3.552713678800500929e-15 0.000000000000000000e+00 0.000000000000000000e+00 0.000000000000000000e+00 1.000000000000000000e+00
1.233265930551326051e-01 8.082098145221418006e-01 5.758363023946118098e-01 1.046566056005751477e+00 -8.964511161717020338e-01 3.396146292631216923e-01 -2.846705111264284382e-01 2.486899575160350651e-14 -4.256359333514069809e-01 -4.811016517333498443e-01 7.664041055080009768e-01 0.000000000000000000e+00 0.000000000000000000e+00 0.000000000000000000e+00 0.000000000000000000e+00 1.000000000000000000e+00
9.252991405437125394e-01 3.522367597209701273e-01 1.405374171184973209e-01 1.046566056005769907e+00 -3.448503510855114307e-01 9.356837889010184428e-01 -7.465977862298950329e-02 0.000000000000000000e+00 -1.577965014354452133e-01 2.061825135907126294e-02 9.872563759457964050e-01 -3.552713678800500929e-15 0.000000000000000000e+00 0.000000000000000000e+00 0.000000000000000000e+00 1.000000000000000000e+00
6.655185110964760842e-01 7.412030586620341754e-01 8.776751801193212466e-02 1.046566056005753254e+00 -7.437471724428552644e-01 6.486980891177687170e-01 1.613410445553551120e-01 2.131628207280300558e-14 6.265185449120701244e-02 -1.726522951049320465e-01 9.829882655066702890e-01 0.000000000000000000e+00 0.000000000000000000e+00 0.000000000000000000e+00 0.000000000000000000e+00 1.000000000000000000e+00
5.428860698960269460e-01 7.463980036134284513e-01 3.849217262181163224e-01 1.046566056005743039e+00 -7.431871288406762810e-01 6.404360444659611407e-01 -1.936867689707934825e-01 2.131628207280300558e-14 -3.910851654542756850e-01 -1.809190237390249645e-01 9.023971964777594001e-01 -7.105427357601001859e-15 0.000000000000000000e+00 0.000000000000000000e+00 0.000000000000000000e+00 1.000000000000000000e+00
9.699565202374568207e-01 -1.690407365213526525e-01 1.749559322948573692e-01 1.046566056005779899e+00 2.184253153023769378e-01 9.217774207331830283e-01 -3.203385213513005869e-01 1.421085471520200372e-14 -1.071201684273380972e-01 3.489292421434453395e-01 9.310067956214388429e-01 0.000000000000000000e+00 0.000000000000000000e+00 0.000000000000000000e+00 0.000000000000000000e+00 1.000000000000000000e+00
9.622921920553672015e-01 -1.626300825123330740e-01 -2.180486032317292822e-01 1.046566056005744372e+00 1.994898395252163170e-01 9.668723572141428857e-01 1.592534105800260946e-01 2.486899575160350651e-14 1.849257716909133709e-01 -1.967467944267419500e-01 9.628567691236955550e-01 1.776356839400250465e-15 0.000000000000000000e+00 0.000000000000000000e+00 0.000000000000000000e+00 1.000000000000000000e+00
8.979206848107120775e-01 1.316127089460935318e-01 -4.200196883872621134e-01 1.046566056005749257e+00 -2.205672372400389603e-01 9.603344383109901905e-01 -1.706102589242842471e-01 1.421085471520200372e-14 3.809048931759190237e-01 2.458370627830266941e-01 8.913336080934320949e-01 0.000000000000000000e+00 0.000000000000000000e+00 0.000000000000000000e+00 0.000000000000000000e+00 1.000000000000000000e+00
8.237689325927037842e-01 5.152036081176164517e-01 -2.365797706433649394e-01 1.046566056005758583e+00 -5.589005531303882224e-01 8.079833882986439120e-01 -1.865288608875016185e-01 2.842170943040400743e-14 9.505218254003230949e-02 2.858812453030671330e-01 9.535391948831174469e-01 -7.105427357601001859e-15 0.000000000000000000e+00 0.000000000000000000e+00 0.000000000000000000e+00 1.000000000000000000e+00
9.629791787729796715e-01 -6.435965041226633654e-02 -2.617803213546208152e-01 1.046566056005758583e+00 1.092464642397746322e-01 9.809379751259548197e-01 1.607043839069089985e-01 2.842170943040400743e-14 2.464473803894562109e-01 -1.833535501554371394e-01 9.516539099612696395e-01 -7.105427357601001859e-15 0.000000000000000000e+00 0.000000000000000000e+00 0.000000000000000000e+00 1.000000000000000000e+00
9.216679483908593040e-01 -2.817201435196816095e-01 2.667619793828091557e-01 1.046566056005744372e+00 1.900673008802331587e-01 9.272652022193027532e-01 3.225735046300277076e-01 1.421085471520200372e-14 -3.382345547768400018e-01 -2.466029308188480706e-01 9.081764038260778937e-01 -5.329070518200751394e-15 0.000000000000000000e+00 0.000000000000000000e+00 0.000000000000000000e+00 1.000000000000000000e+00
4.963066699897744627e-02 9.928752633894636359e-01 -1.083305508272703888e-01 1.046566056005751477e+00 -8.765281692642984401e-01 -8.695739673284297311e-03 -4.812720151823829395e-01 2.131628207280300558e-14 -4.787850931048438508e-01 1.188406305134640240e-01 8.698515615665400880e-01 0.000000000000000000e+00 0.000000000000000000e+00 0.000000000000000000e+00 0.000000000000000000e+00 1.000000000000000000e+00
3.786308344962386885e-01 8.412275090580192405e-01 3.859727570343818304e-01 1.046566056005758583e+00 -7.981161667960423589e-01 5.079208102921297652e-01 -3.240787477928447347e-01 2.842170943040400743e-14 -4.686675532480073514e-01 -1.853448906126801132e-01 8.637117551916841940e-01 -5.329070518200751394e-15 0.000000000000000000e+00 0.000000000000000000e+00 0.000000000000000000e+00 1.000000000000000000e+00
8.218253133178929914e-01 4.878298712818526783e-01 2.943215436815287411e-01 1.046566056005758583e+00 -5.144399788920500649e-01 8.573888678327453716e-01 1.535699951260954821e-02 2.131628207280300558e-14 -2.448564120203800265e-01 -1.640315396550742766e-01 9.555830636270672418e-01 -1.421085471520200372e-14 0.000000000000000000e+00 0.000000000000000000e+00 0.000000000000000000e+00 1.000000000000000000e+00
5.636089161537585213e-01 8.252825753152369659e-01 3.540706868742063418e-02 1.046566056005755030e+00 -7.131449420165717479e-01 4.645013401935393915e-01 5.250359955608626672e-01 2.842170943040400743e-14 4.168564276920365685e-01 -3.211653403458347711e-01 8.503431912189207686e-01 -1.421085471520200372e-14 0.000000000000000000e+00 0.000000000000000000e+00 0.000000000000000000e+00 1.000000000000000000e+00
9.984085289959309106e-01 5.610011047985748178e-02 -5.760801361709809096e-03 1.046566056005758583e+00 -5.582971073151021812e-02 9.976569200059157705e-01 3.954381574842859987e-02 2.131628207280300558e-14 7.965715775571266880e-03 -3.915925903866877139e-02 9.992012308858136960e-01 3.552713678800500929e-15 0.000000000000000000e+00 0.000000000000000000e+00 0.000000000000000000e+00 1.000000000000000000e+00
4.201517248646288172e-01 8.910446960794747850e-01 -1.717902141622558998e-01 1.046566056005753254e+00 -9.069819224994201123e-01 4.184444488687947272e-01 -4.783341374130083146e-02 2.242650509742816212e-14 2.926295187661623332e-02 1.759079099970409232e-01 9.839715884353266162e-01 7.105427357601001859e-15 0.000000000000000000e+00 0.000000000000000000e+00 0.000000000000000000e+00 1.000000000000000000e+00
6.037318822929313988e-01 5.611654802457265445e-01 -5.662164940052675233e-01 1.046566056005751477e+00 -7.214681507025259011e-01 6.867499993483217047e-01 -8.864618388265459170e-02 2.842170943040400743e-14 3.391039985386656297e-01 4.620256942808086409e-01 8.194758910422108578e-01 -1.421085471520200372e-14 0.000000000000000000e+00 0.000000000000000000e+00 0.000000000000000000e+00 1.000000000000000000e+00
8.556224861014278815e-01 1.839234060221404121e-01 4.838205679741475196e-01 1.046566056005744372e+00 -9.216332912072670858e-02 9.739366380950360558e-01 -2.072518895969908959e-01 1.953992523340275511e-14 -5.093290508531752581e-01 1.327388627846177449e-01 8.502730809943650492e-01 -1.421085471520200372e-14 0.000000000000000000e+00 0.000000000000000000e+00 0.000000000000000000e+00 1.000000000000000000e+00
1.609002717580843012e-01 9.476494580240026888e-01 2.758108178715773517e-01 1.046566056005763912e+00 -8.528738360034080479e-01 2.741378365581567111e-01 -4.443587136852894526e-01 1.065814103640150279e-14 -4.967064751027576164e-01 -1.637343924593337441e-01 8.523342808528626691e-01 -1.421085471520200372e-14 0.000000000000000000e+00 0.000000000000000000e+00 0.000000000000000000e+00 1.000000000000000000e+00
5.692187892103887092e-01 7.939026874280484813e-01 2.137954464070307703e-01 1.046566056005751477e+00 -6.692914308920719924e-01 5.984561270190829063e-01 -4.403399193438656267e-01 2.842170943040400743e-14 -4.775342401800125591e-01 1.075582954859445051e-01 8.720047376751208779e-01 7.105427357601001859e-15 0.000000000000000000e+00 0.000000000000000000e+00 0.000000000000000000e+00 1.000000000000000000e+00
3.426537784250917040e-01 9.188002243180752870e-01 -1.959452370537816679e-01 1.046566056005751477e+00 -8.418959890346172648e-01 2.077596827683085845e-01 -4.980432289103379206e-01 2.131628207280300558e-14 -4.168927101526623269e-01 3.356219033511760874e-01 8.447238638824536849e-01 -7.105427357601001859e-15 0.000000000000000000e+00 0.000000000000000000e+00 0.000000000000000000e+00 1.000000000000000000e+00
8.697073200269141990e-01 -4.735361195360676123e-01 -1.391859223712146876e-01 1.046566056005758583e+00 4.759298486751492585e-01 8.793051890625612765e-01 -1.769642980103596289e-02 2.486899575160350651e-14 1.307668024830929143e-01 -5.085202043553987972e-02 9.901081331783772033e-01 0.000000000000000000e+00 0.000000000000000000e+00 0.000000000000000000e+00 0.000000000000000000e+00 1.000000000000000000e+00
6.776776345072648144e-01 3.086170352712756526e-01 6.674642681290182678e-01 1.046566056005744372e+00 -4.713152451081665806e-01 8.790131606259340424e-01 7.209579165967135161e-02 7.105427357601001859e-15 -5.644598864554207784e-01 -3.634437906840260468e-01 7.411434730171744256e-01 -2.131628207280300558e-14 0.000000000000000000e+00 0.000000000000000000e+00 0.000000000000000000e+00 1.000000000000000000e+00
8.047444523520448367e-01 2.456189622105296455e-01 -5.404236225510778979e-01 1.046566056005744372e+00 -4.548873902845088635e-01 8.400703192286961274e-01 -2.955661024392773339e-01 7.105427357601001859e-15 3.813972057694660078e-01 4.836870725516849712e-01 7.877708977092416909e-01 0.000000000000000000e+00 0.000000000000000000e+00 0.000000000000000000e+00 0.000000000000000000e+00 1.000000000000000000e+00
5.102555500072361028e-01 8.560488708838198679e-01 8.258089576500132756e-02 1.046566056005756806e+00 -8.448795687011771971e-01 4.810148620759252536e-01 2.341008689718842850e-01 1.421085471520200372e-14 1.606791463697941347e-01 -1.892221792513119338e-01 9.686987038296576147e-01 0.000000000000000000e+00 0.000000000000000000e+00 0.000000000000000000e+00 0.000000000000000000e+00 1.000000000000000000e+00
9.408722237780550168e-01 -4.449613243009544611e-02 3.358266706527356371e-01 1.046566056005765688e+00 5.724611067130343234e-02 9.979629657394335496e-01 -2.815673677049636281e-02 2.842170943040400743e-14 -3.338897143308646731e-01 4.571666229415211058e-02 9.415028653449419860e-01 -5.329070518200751394e-15 0.000000000000000000e+00 0.000000000000000000e+00 0.000000000000000000e+00 1.000000000000000000e+00
6.239964445999350851e-01 6.695009118381821667e-01 -4.029850694188095717e-01 1.046566056005758583e+00 -7.812436388073359383e-01 5.233172435582161830e-01 -3.402902282136581746e-01 1.154631945610162802e-14 -1.693558235529940559e-02 5.271694145552008326e-01 8.495914279274560110e-01 0.000000000000000000e+00 0.000000000000000000e+00 0.000000000000000000e+00 0.000000000000000000e+00 1.000000000000000000e+00
5.285704784492415431e-01 8.302700501269691946e-01 -1.768188145365190700e-01 1.046566056005744372e+00 -8.328453473868232537e-01 4.669007026812130867e-01 -2.972748915934729785e-01 1.421085471520200372e-14 -1.642616103904423197e-01 3.043934586977019574e-01 9.382764761273667542e-01 -1.243449787580175325e-14 0.000000000000000000e+00 0.000000000000000000e+00 0.000000000000000000e+00 1.000000000000000000e+00
7.928730008653397388e-01 5.325943979052851773e-01 2.961344488888409399e-01 1.046566056005744372e+00 -3.555744399089953989e-01 7.989897970769244129e-01 -4.849557937074052694e-01 2.131628207280300558e-14 -4.948931421854571022e-01 2.792105146424143647e-01 8.228743928030103350e-01 0.000000000000000000e+00 0.000000000000000000e+00 0.000000000000000000e+00 0.000000000000000000e+00 1.000000000000000000e+00
9.564669700696851740e-01 4.248485217610428050e-02 2.887316617575747535e-01 1.046566056005758583e+00 8.253845547681491757e-02 9.095755762694799351e-01 -4.072587315473363834e-01 2.486899575160350651e-14 -2.799255946376069670e-01 4.133609904062285345e-01 8.664723614040807931e-01 -1.421085471520200372e-14 0.000000000000000000e+00 0.000000000000000000e+00 0.000000000000000000e+00 1.000000000000000000e+00
4.965446332516255667e-01 7.200691345715902747e-01 4.847100871926741106e-01 1.046566056005758583e+00 -8.023889206503280747e-01 5.937675014421552877e-01 -6.010136644654430482e-02 2.131628207280300558e-14 -3.310822363199364959e-01 -3.590829927307353509e-01 8.726075619228430558e-01 -5.329070518200751394e-15 0.000000000000000000e+00 0.000000000000000000e+00 0.000000000000000000e+00 1.000000000000000000e+00
8.322661967487395840e-01 5.257510977096887528e-01 1.758373140333006901e-01 1.046566056005751477e+00 -5.277587609459529761e-01 8.484972085200235270e-01 -3.902790512595029349e-02 2.042810365310288034e-14 -1.697164340721923625e-01 -6.031807681603391230e-02 9.836452925801222325e-01 -1.421085471520200372e-14 0.000000000000000000e+00 0.000000000000000000e+00 0.000000000000000000e+00 1.000000000000000000e+00
9.808079877771198607e-01 1.161257205503806317e-01 1.566221827815328926e-01 1.046566056005730161e+00 -9.232199285467554417e-02 9.841318405504004829e-01 -1.515294362499326475e-01 4.263256414560601115e-14 -1.717333419809276007e-01 1.341616094176574236e-01 9.759653281805279468e-01 -3.552713678800500929e-15 0.000000000000000000e+00 0.000000000000000000e+00 0.000000000000000000e+00 1.000000000000000000e+00
4.325933944268668396e-01 7.885958591393298356e-01 4.370120433655616532e-01 1.046566056005779899e+00 -8.879396796405436554e-01 2.886255450554786606e-01 3.581318473150308934e-01 4.085620730620576069e-14 1.562884526063583468e-01 -5.429658052674498636e-01 8.250830587838897667e-01 1.776356839400250465e-15 0.000000000000000000e+00 0.000000000000000000e+00 0.000000000000000000e+00 1.000000000000000000e+00
9.714562401231363609e-01 2.330405917259162074e-01 4.432669775489862796e-02 1.046566056005772793e+00 -2.372137011424761688e-01 9.530961136583695481e-01 1.879826005767560593e-01 3.197442310920450836e-14 1.559973111080723701e-03 -1.931317703987281698e-01 9.811715883302704055e-01 -3.552713678800500929e-15 0.000000000000000000e+00 0.000000000000000000e+00 0.000000000000000000e+00 1.000000000000000000e+00
8.555787144896187524e-01 5.174600165217484449e-01 1.483895594721157396e-02 1.046566056005751477e+00 -4.768324481963523431e-01 7.765970803523986055e-01 4.117375269940828364e-01 1.776356839400250465e-14 2.015338176568995943e-01 -3.593495597457188051e-01 9.111816582060865422e-01 1.421085471520200372e-14 0.000000000000000000e+00 0.000000000000000000e+00 0.000000000000000000e+00 1.000000000000000000e+00
8.361449928514530505e-01 5.470172477781450882e-01 -4.041882683437246493e-02 1.046566056005750589e+00 -5.326973718251047929e-01 7.922697098063720134e-01 -2.975604425557153987e-01 2.842170943040400743e-14 -1.307480821276920113e-01 2.703346769405480798e-01 9.538470010768916874e-01 7.105427357601001859e-15 0.000000000000000000e+00 0.000000000000000000e+00 0.000000000000000000e+00 1.000000000000000000e+00
