9.992935674743281815e-01 5.784411914044162994e-03 -3.713363143080650186e-02 1.669381409719772336e+00 -5.831245821787855305e-03 9.999823333746041820e-01 -1.153044165588718072e-03 -2.131628207280300558e-14 3.712630572244157712e-02 1.368764950815310561e-03 9.993096436570164665e-01 -1.776356839400250465e-15 0.000000000000000000e+00 0.000000000000000000e+00 0.000000000000000000e+00 1.000000000000000000e+00
6.224098332730541028e-01 6.158487512033928857e-01 4.830489779372589831e-01 1.669381409719775888e+00 -7.671036757223350655e-01 6.025377262159059555e-01 2.202276984846560648e-01 -2.486899575160350651e-14 -1.554282797250605419e-01 -5.076205316255316680e-01 8.474452464518995587e-01 -7.105427357601001859e-15 0.000000000000000000e+00 0.000000000000000000e+00 0.000000000000000000e+00 1.000000000000000000e+00
3.835131893892190780e-01 8.565666496715856892e-01 -3.452697615414705434e-01 1.669381409719772336e+00 -7.920283104111859318e-01 4.973307827561042060e-01 3.540526063036434912e-01 -2.131628207280300558e-14 4.749829355584378465e-01 1.376795816146881291e-01 8.691579509701866657e-01 0.000000000000000000e+00 0.000000000000000000e+00 0.000000000000000000e+00 0.000000000000000000e+00 1.000000000000000000e+00
5.959181612421282637e-01 7.169368724815272653e-01 -3.617776471511298109e-01 1.669381409719782994e+00 -5.641451229798866152e-01 6.943630152706721237e-01 4.467664750652504679e-01 -1.798561299892753595e-14 5.715083772962645803e-01 -6.214116108206309275e-02 8.182399713895450732e-01 -1.421085471520200372e-14 0.000000000000000000e+00 0.000000000000000000e+00 0.000000000000000000e+00 1.000000000000000000e+00
9.711318361880183492e-01 1.391275506856953503e-01 1.937691445568336390e-01 1.669381409719775888e+00 -1.959639773757161363e-01 9.284780554711792311e-01 3.154783987526682543e-01 -1.959543638463401294e-14 -1.360186616357389189e-01 -3.443428889183818287e-01 9.289385870649174981e-01 -8.881784197001252323e-15 0.000000000000000000e+00 0.000000000000000000e+00 0.000000000000000000e+00 1.000000000000000000e+00
3.979968937922288008e-01 6.702782795951605088e-01 -6.263589230103527861e-01 1.669381409719775888e+00 -7.691150056959319414e-01 6.159626127438897480e-01 1.704469645228900987e-01 -3.552713678800500929e-14 5.000605768755259639e-01 4.139046842023809125e-01 7.606722893929050988e-01 0.000000000000000000e+00 0.000000000000000000e+00 0.000000000000000000e+00 0.000000000000000000e+00 1.000000000000000000e+00
5.507405299693979295e-01 8.332006400432268034e-01 4.961413186365269679e-02 1.669381409719767007e+00 -6.984707606994630114e-01 4.275105739071681787e-01 5.739105380157061287e-01 0.000000000000000000e+00 4.569720616153029047e-01 -3.507298142860412749e-01 8.174136849074272737e-01 -7.105427357601001859e-15 0.000000000000000000e+00 0.000000000000000000e+00 0.000000000000000000e+00 1.000000000000000000e+00
9.450805997850172391e-01 -2.327746849671039620e-01 -2.294310483532200629e-01 1.669381409719782994e+00 2.384330483932577405e-01 9.711538445724487989e-01 -3.145092375477677536e-03 -1.421085471520200372e-14 2.235449425594113471e-01 -5.173157846632345236e-02 9.733198356375422078e-01 7.105427357601001859e-15 0.000000000000000000e+00 0.000000000000000000e+00 0.000000000000000000e+00 1.000000000000000000e+00
3.786358466438221049e-01 9.255457264465618561e-01 6.239248370297488554e-05 1.669381409719751019e+00 -9.163029901874701899e-01 3.748641936373771077e-01 -1.409456154057294464e-01 -2.842170943040400743e-14 -1.304750007082459418e-01 5.330989200050065269e-02 9.900173380325609784e-01 -3.552713678800500929e-15 0.000000000000000000e+00 0.000000000000000000e+00 0.000000000000000000e+00 1.000000000000000000e+00
5.976758244069618753e-01 7.607351148315771860e-01 -2.531120186432194719e-01 1.669381409719765230e+00 -8.006524140985914473e-01 5.827639312624265377e-01 -1.390752034607876109e-01 -1.421085471520200372e-14 4.170516415932395971e-02 2.857766356470535229e-01 9.573883192313843438e-01 -2.220446049250313081e-15 0.000000000000000000e+00 0.000000000000000000e+00 0.000000000000000000e+00 1.000000000000000000e+00
3.502926769895537973e-01 8.032697632334279136e-01 -4.817185152372749357e-01 1.669381409719761677e+00 -7.658149458050075298e-01 5.417397737466180807e-01 3.464758091449332555e-01 -2.486899575160350651e-14 5.392796206321590624e-01 2.475392999422020290e-01 8.049234657748269850e-01 7.105427357601001859e-15 0.000000000000000000e+00 0.000000000000000000e+00 0.000000000000000000e+00 1.000000000000000000e+00
8.979987947939988002e-01 -3.321049938833333659e-01 -2.886250813534347315e-01 1.669381409719775888e+00 2.681793069098257210e-01 9.331616012154403395e-01 -2.393518025050178355e-01 -4.973799150320701301e-14 3.488237719736016484e-01 1.375343559071210420e-01 9.270416803204277745e-01 3.552713678800500929e-15 0.000000000000000000e+00 0.000000000000000000e+00 0.000000000000000000e+00 1.000000000000000000e+00
6.521793856411577384e-01 4.321661807655155507e-01 -6.228117220695753575e-01 1.669381409719763454e+00 -6.621677858176200360e-01 7.247370187966128974e-01 -1.904995459605836050e-01 -1.421085471520200372e-14 3.690472495089385796e-01 5.366457358335624539e-01 7.588250666929378108e-01 0.000000000000000000e+00 0.000000000000000000e+00 0.000000000000000000e+00 0.000000000000000000e+00 1.000000000000000000e+00
9.091273258891597875e-01 2.644958604635750388e-01 3.217599184473703966e-01 1.669381409719772336e+00 -1.591015538495336168e-01 9.344417317804230017e-01 -3.185990355758598347e-01 -1.421085471520200372e-14 -3.849340214689906947e-01 2.384545862524709015e-01 8.916082151992956728e-01 -3.552713678800500929e-15 0.000000000000000000e+00 0.000000000000000000e+00 0.000000000000000000e+00 1.000000000000000000e+00
4.884284406415294599e-01 8.574516272303879250e-01 1.619085091415632671e-01 1.669381409719756570e+00 -8.147652117231992674e-01 3.817070413401677520e-01 4.364142348239635760e-01 -3.552713678800500929e-14 3.124024778040886408e-01 -3.450745449193481362e-01 8.850583315864388734e-01 0.000000000000000000e+00 0.000000000000000000e+00 0.000000000000000000e+00 0.000000000000000000e+00 1.000000000000000000e+00
7.330929679784103925e-01 6.233019340843236611e-01 2.721569386720587014e-01 1.669381409719772336e+00 -5.880506369958350410e-01 7.819358584435056603e-01 -2.068157673123847129e-01 -3.019806626980425790e-14 -3.417179372368355783e-01 -8.426876465172147140e-03 9.397647786141183346e-01 -7.105427357601001859e-15 0.000000000000000000e+00 0.000000000000000000e+00 0.000000000000000000e+00 1.000000000000000000e+00
-4.285123857530104274e-03 9.777286712576860328e-01 -2.098291760318506116e-01 1.669381409719782994e+00 -9.663728282612795706e-01 4.990114875132234395e-02 2.522566791020484089e-01 -2.842170943040400743e-14 2.571093045998550930e-01 2.038541654074748632e-01 9.446365887124004157e-01 -7.105427357601001859e-15 0.000000000000000000e+00 0.000000000000000000e+00 0.000000000000000000e+00 1.000000000000000000e+00
8.501316128404325934e-01 4.465437674212301977e-01 -2.790607543646708155e-01 1.669381409719754572e+00 -2.589393274361328490e-01 8.159714600731133860e-01 5.168568477374317904e-01 -2.131628207280300558e-14 4.585048151941788497e-01 -3.671365415256370168e-01 8.093108761905688509e-01 -3.552713678800500929e-15 0.000000000000000000e+00 0.000000000000000000e+00 0.000000000000000000e+00 1.000000000000000000e+00
9.939667314366411599e-01 6.241763650466457952e-02 -9.018966376659534601e-02 1.669381409719767007e+00 -8.656335863335758163e-02 9.513905063237455551e-01 -2.955721391118584229e-01 -4.263256414560601115e-14 6.735667553607938007e-02 3.015959932263998500e-01 9.510535921442643259e-01 5.329070518200751394e-15 0.000000000000000000e+00 0.000000000000000000e+00 0.000000000000000000e+00 1.000000000000000000e+00
5.766605515887640587e-01 7.922677518679910325e-01 1.994352466124832690e-01 1.669381409719782994e+00 -8.006909122938616896e-01 4.995538481203269932e-01 3.306660185114233541e-01 -2.131628207280300558e-14 1.623473782090923967e-01 -3.503680381801583255e-01 9.224345866295458052e-01 7.105427357601001859e-15 0.000000000000000000e+00 0.000000000000000000e+00 0.000000000000000000e+00 1.000000000000000000e+00
2.230564013352401842e-01 7.932283664128990663e-01 5.665991533185483764e-01 1.669381409719761677e+00 -9.005026920484159314e-01 3.902488927877237890e-01 -1.918350940039691421e-01 0.000000000000000000e+00 -3.732837304744585638e-01 -4.674340171573730385e-01 8.013517930142743939e-01 -2.131628207280300558e-14 0.000000000000000000e+00 0.000000000000000000e+00 0.000000000000000000e+00 1.000000000000000000e+00
2.319389565347651505e-01 9.651777887291226321e-01 -1.209799842351023391e-01 1.669381409719790099e+00 -8.583052615202599878e-01 2.615907906980240449e-01 4.414547952719742319e-01 -2.531308496145356912e-14 4.577296128591664681e-01 1.447192434976318776e-03 8.890902694022996267e-01 3.552713678800500929e-15 0.000000000000000000e+00 0.000000000000000000e+00 0.000000000000000000e+00 1.000000000000000000e+00
8.515999715028583772e-01 4.042583941921000235e-01 3.336954288892122755e-01 1.669381409719767007e+00 -4.446368841608883682e-01 8.942351281960332354e-01 5.139627169280543140e-02 -3.552713678800500929e-14 -2.776248003691806354e-01 -1.921423592689769366e-01 9.412788024780563978e-01 0.000000000000000000e+00 0.000000000000000000e+00 0.000000000000000000e+00 0.000000000000000000e+00 1.000000000000000000e+00
8.372077646350739588e-01 4.990844227977981884e-01 -2.236020969385821289e-01 1.669381409719758125e+00 -5.466080185347155229e-01 7.766548740176069110e-01 -3.130924475905595972e-01 -2.842170943040400743e-14 1.740209493982287914e-02 3.843461273192221861e-01 9.230250383962623761e-01 0.000000000000000000e+00 0.000000000000000000e+00 0.000000000000000000e+00 0.000000000000000000e+00 1.000000000000000000e+00
8.706799399158423602e-01 -9.182364177624448287e-02 -4.832027121603241770e-01 1.669381409719754572e+00 2.797447960036119619e-01 9.004932857958908299e-01 3.329484815184139967e-01 -2.131628207280300558e-14 4.045482558818449537e-01 -4.250650080252055818e-01 8.097286259083898985e-01 -1.421085471520200372e-14 0.000000000000000000e+00 0.000000000000000000e+00 0.000000000000000000e+00 1.000000000000000000e+00
1.857263949003978842e-01 9.658287031555707891e-01 -1.807778260687133431e-01 1.669381409719761677e+00 -8.867896543997437764e-01 8.551433287462362198e-02 -4.541931392288870994e-01 -2.486899575160350651e-14 -4.232136754488028951e-01 2.446675602400870120e-01 8.723691706377976196e-01 1.776356839400250465e-15 0.000000000000000000e+00 0.000000000000000000e+00 0.000000000000000000e+00 1.000000000000000000e+00
5.929787235448068516e-01 7.840674884712414139e-01 -1.833423217524287607e-01 1.669381409719766118e+00 -6.692559835505768051e-01 6.065163193017377719e-01 4.292253288220795882e-01 -3.019806626980425790e-14 4.477417357192887692e-01 -1.318185417271487136e-01 8.843931309954903286e-01 1.421085471520200372e-14 0.000000000000000000e+00 0.000000000000000000e+00 0.000000000000000000e+00 1.000000000000000000e+00
8.530364767053066899e-01 -4.888373982947589735e-01 -1.826657259548380152e-01 1.669381409719758125e+00 4.674745151560102951e-01 8.713828723965345580e-01 -1.488605635271404160e-01 -1.421085471520200372e-14 2.319403955542239659e-01 4.159191895519979976e-02 9.718404010884575950e-01 -3.552713678800500929e-15 0.000000000000000000e+00 0.000000000000000000e+00 0.000000000000000000e+00 1.000000000000000000e+00
4.014540212450242729e-01 8.419515807321478196e-01 3.604888410600762816e-01 1.669381409719744802e+00 -9.024248487175134947e-01 4.308453330965584804e-01 -1.300525312403516326e-03 -2.486899575160350651e-14 -1.564099141466811782e-01 -3.247919867415958728e-01 9.327626193759454010e-01 0.000000000000000000e+00 0.000000000000000000e+00 0.000000000000000000e+00 0.000000000000000000e+00 1.000000000000000000e+00
4.004056628683618779e-01 9.048078163978983124e-01 1.449072825230492967e-01 1.669381409719761677e+00 -8.007397444735240288e-01 2.686044754519243405e-01 5.354133892495331892e-01 -3.552713678800500929e-14 4.455234749858005827e-01 -3.304155734109148757e-01 8.320663327428367007e-01 -1.421085471520200372e-14 0.000000000000000000e+00 0.000000000000000000e+00 0.000000000000000000e+00 1.000000000000000000e+00
2.551403648473351549e-01 9.565823321475351859e-01 1.409029312993579364e-01 1.669381409719775888e+00 -8.306301579127178814e-01 2.914345565475270350e-01 -4.744675331525222139e-01 -2.131628207280300558e-14 -4.949312426908026863e-01 4.017595441199173223e-03 8.689228526948803433e-01 -3.552713678800500929e-15 0.000000000000000000e+00 0.000000000000000000e+00 0.000000000000000000e+00 1.000000000000000000e+00
5.031294012200060450e-02 9.879933885085755430e-01 1.460742014170292036e-01 1.669381409719775888e+00 -9.974704206384851224e-01 4.235547120443838853e-02 5.708567254866572099e-02 -2.842170943040400743e-14 5.021322542481690410e-02 -1.485768431566400760e-01 9.876252091102392106e-01 -1.421085471520200372e-14 0.000000000000000000e+00 0.000000000000000000e+00 0.000000000000000000e+00 1.000000000000000000e+00
2.531577926975823178e-01 8.801334740821551428e-01 -4.015920813419561752e-01 1.669381409719759013e+00 -9.240644462271574433e-01 9.710701237063024127e-02 -3.696959931718861170e-01 -3.552713678800500929e-14 -2.863844116138042351e-01 4.646883858550014956e-01 8.378834482409163176e-01 7.105427357601001859e-15 0.000000000000000000e+00 0.000000000000000000e+00 0.000000000000000000e+00 1.000000000000000000e+00
8.653751655302144297e-01 2.528073755730574357e-01 4.326826247255798896e-01 1.669381409719782994e+00 -1.480654220877283544e-01 9.538643074138422051e-01 -2.611886556186810426e-01 -4.973799150320701301e-14 -4.787509307202825748e-01 1.619608406306111414e-01 8.628825136927327222e-01 -3.552713678800500929e-15 0.000000000000000000e+00 0.000000000000000000e+00 0.000000000000000000e+00 1.000000000000000000e+00
6.850943409111907023e-01 6.986316394915551564e-01 2.062997245582336991e-01 1.669381409719768783e+00 -5.533701992252232360e-01 6.833008698524756230e-01 -4.763206313695502181e-01 -3.552713678800500929e-14 -4.737374448583286934e-01 2.121644493316258151e-01 8.547274886061112520e-01 -3.552713678800500929e-15 0.000000000000000000e+00 0.000000000000000000e+00 0.000000000000000000e+00 1.000000000000000000e+00
7.107057417318465298e-01 6.438670665402078663e-01 2.834299724699089751e-01 1.669381409719772336e+00 -6.366945317496109924e-01 7.600609615066942215e-01 -1.301053728085937167e-01 -3.197442310920450836e-14 -2.991946221266842398e-01 -8.799167812030379843e-02 9.501263298488488163e-01 7.105427357601001859e-15 0.000000000000000000e+00 0.000000000000000000e+00 0.000000000000000000e+00 1.000000000000000000e+00
8.873940085035580960e-01 4.528826411961219267e-01 8.619273156833841265e-02 1.669381409719768783e+00 -4.522731070832770039e-01 8.914523640639051560e-01 -2.759926111535251220e-02 -1.421085471520200372e-14 -8.933594059070314175e-02 -1.449123556151822763e-02 9.958961260144930661e-01 0.000000000000000000e+00 0.000000000000000000e+00 0.000000000000000000e+00 0.000000000000000000e+00 1.000000000000000000e+00
7.818621891022442538e-01 6.221716479447289005e-01 3.992440038356021709e-02 1.669381409719761677e+00 -6.207136842700843316e-01 7.828258167741624085e-01 -4.356905727375289666e-02 -3.197442310920450836e-14 -5.836128350288832811e-02 9.283376842823860484e-03 9.982523626329614652e-01 -7.105427357601001859e-15 0.000000000000000000e+00 0.000000000000000000e+00 0.000000000000000000e+00 1.000000000000000000e+00
4.906106827188784214e-01 8.355975660836552077e-01 2.471393646451073012e-01 1.669381409719758125e+00 -7.202938089462959104e-01 5.485046915176601257e-01 -4.246403562742873117e-01 -2.842170943040400743e-14 -4.903855491302258063e-01 3.032014080092401004e-02 8.709780148006371903e-01 -2.131628207280300558e-14 0.000000000000000000e+00 0.000000000000000000e+00 0.000000000000000000e+00 1.000000000000000000e+00
3.283822876940249991e-01 9.443202034096515041e-01 -2.060161549959687102e-02 1.669381409719751019e+00 -8.976497104768331736e-01 3.187915328423487349e-01 3.042974792351777480e-01 -3.552713678800500929e-14 2.939218780725523783e-01 -8.143286818220454859e-02 9.523542500403531230e-01 7.105427357601001859e-15 0.000000000000000000e+00 0.000000000000000000e+00 0.000000000000000000e+00 1.000000000000000000e+00
6.192949413756834165e-01 6.512850077092305900e-01 4.385220796261874998e-01 1.669381409719754572e+00 -7.493872876945933958e-01 6.569589480012897331e-01 8.260528846738236786e-02 -2.164934898019055254e-14 -2.342914181702556164e-01 -3.797799091239901781e-01 8.949160586320620281e-01 1.776356839400250465e-15 0.000000000000000000e+00 0.000000000000000000e+00 0.000000000000000000e+00 1.000000000000000000e+00
9.006772626573330554e-01 -3.967960538621732591e-01 1.770123164401302962e-01 1.669381409719758125e+00 3.338985314344035116e-01 8.927959353288981159e-01 3.023692917049390361e-01 -2.842170943040400743e-14 -2.780148183785212113e-01 -2.132329934592797349e-01 9.366106188071714467e-01 1.554312234475219157e-15 0.000000000000000000e+00 0.000000000000000000e+00 0.000000000000000000e+00 1.000000000000000000e+00
8.936182026623854524e-01 -4.028196469618122166e-01 -1.979465581716660094e-01 1.669381409719767007e+00 4.076807936568796475e-01 9.129584844615017403e-01 -1.741195374030478013e-02 -2.131628207280300558e-14 1.877308668113596979e-01 -6.513937113082073072e-02 9.800581533638382803e-01 -3.552713678800500929e-15 0.000000000000000000e+00 0.000000000000000000e+00 0.000000000000000000e+00 1.000000000000000000e+00
9.875017931812755112e-01 1.226190555907705204e-01 9.901906720320570454e-02 1.669381409719754572e+00 -1.114304100107219031e-01 9.874897068397601174e-01 -1.115676593389273580e-01 -2.842170943040400743e-14 -1.114606306666521968e-01 9.913952840089600149e-02 9.888113478919222654e-01 -3.552713678800500929e-15 0.000000000000000000e+00 0.000000000000000000e+00 0.000000000000000000e+00 1.000000000000000000e+00
8.965737414892080981e-01 3.980743916953303763e-01 -1.941450610971992008e-01 1.669381409719775888e+00 -4.353347201591385995e-01 8.727334356942446636e-01 -2.209525551906658392e-01 -3.552713678800500929e-14 8.148133219337448663e-02 2.826183449419241156e-01 9.557654856743261762e-01 7.105427357601001859e-15 0.000000000000000000e+00 0.000000000000000000e+00 0.000000000000000000e+00 1.000000000000000000e+00
2.892293184055702016e-01 9.101186873850495296e-01 -2.966991342204486903e-01 1.669381409719768783e+00 -9.560001108903961597e-01 2.905198691618973150e-01 -4.076755572393872540e-02 -2.131628207280300558e-14 4.909367935080498346e-02 2.954355775709294196e-01 9.541004298045000498e-01 1.421085471520200372e-14 0.000000000000000000e+00 0.000000000000000000e+00 0.000000000000000000e+00 1.000000000000000000e+00
9.285326426197435534e-01 -3.712308165562336337e-01 -3.848691802092182174e-03 1.669381409719768783e+00 3.691947939223816921e-01 9.222513281295643406e-01 1.146633851927663511e-01 -2.131628207280300558e-14 -3.901712098817171348e-02 -1.078896130415091109e-01 9.933969476838288015e-01 2.842170943040400743e-14 0.000000000000000000e+00 0.000000000000000000e+00 0.000000000000000000e+00 1.000000000000000000e+00
9.370605756613034076e-01 -8.228527061959559075e-02 3.393325975799653116e-01 1.669381409719761677e+00 2.342884589798457928e-01 8.687554848036953548e-01 -4.363173450739099013e-01 -2.664535259100375697e-14 -2.588945645048498778e-01 4.883574939146077543e-01 8.333550039492700900e-01 7.105427357601001859e-15 0.000000000000000000e+00 0.000000000000000000e+00 0.000000000000000000e+00 1.000000000000000000e+00
1.229757660288425258e-01 9.783071810491066334e-01 -1.667093892897744123e-01 1.669381409719761677e+00 -9.422614839294982669e-01 6.237824855891660469e-02 -3.290170968349541147e-01 -2.842170943040400743e-14 -3.114807487993422885e-01 1.975449660570275934e-01 9.294921890542862108e-01 1.776356839400250465e-15 0.000000000000000000e+00 0.000000000000000000e+00 0.000000000000000000e+00 1.000000000000000000e+00
7.146601220186210579e-02 9.833773821901992118e-01 -1.669177441038377230e-01 1.669381409719768783e+00 -9.771711579070927467e-01 1.025933831914669359e-01 1.860406565238909016e-01 -3.197442310920450836e-14 2.000728298757100954e-01 1.498116214520081313e-01 9.682599551894343071e-01 7.105427357601001859e-15 0.000000000000000000e+00 0.000000000000000000e+00 0.000000000000000000e+00 1.000000000000000000e+00
1.560759881582374220e-02 9.765110832570034205e-01 -2.149011566637976101e-01 1.669381409719758125e+00 -9.968027870846032368e-01 -1.648226181110157285e-03 -7.988421002189961817e-02 -2.842170943040400743e-14 -7.836202217637931733e-02 2.154608726119192352e-01 9.733632445565935098e-01 7.105427357601001859e-15 0.000000000000000000e+00 0.000000000000000000e+00 0.000000000000000000e+00 1.000000000000000000e+00
1.711720511860869154e-01 9.759577586256876769e-01 -1.349317689466479064e-01 1.669381409719768783e+00 -9.045691032530086551e-01 2.099505889974961903e-01 3.710464763606468597e-01 -2.486899575160350651e-14 3.904546917797189209e-01 5.854232279238963388e-02 9.187589074992831284e-01 0.000000000000000000e+00 0.000000000000000000e+00 0.000000000000000000e+00 0.000000000000000000e+00 1.000000000000000000e+00
9.276492047902149540e-01 3.643100259955567854e-01 -8.212890971636381543e-02 1.669381409719768783e+00 -3.484104813616828999e-01 9.234324196390267803e-01 1.608810207480445287e-01 -3.197442310920450836e-14 1.344510666726088099e-01 -1.206265779947730404e-01 9.835507812776463910e-01 -7.105427357601001859e-15 0.000000000000000000e+00 0.000000000000000000e+00 0.000000000000000000e+00 1.000000000000000000e+00
8.297294865072225578e-01 5.489631464246846893e-01 -1.009378179275295107e-01 1.669381409719768783e+00 -3.853820955272040938e-01 6.942524105460654571e-01 6.078603712186200214e-01 -1.421085471520200372e-14 4.037692653824975775e-01 -4.654600458884605163e-01 7.876022638451406488e-01 3.552713678800500929e-15 0.000000000000000000e+00 0.000000000000000000e+00 0.000000000000000000e+00 1.000000000000000000e+00
8.654821435638621052e-01 -4.174535167181662731e-01 -2.768992967700317220e-01 1.669381409719754572e+00 4.653284958440586094e-01 8.746577324763790129e-01 1.358058981590448688e-01 -3.197442310920450836e-14 1.854994612596174430e-01 -2.463867131135821509e-01 9.512536662076404026e-01 -7.105427357601001859e-15 0.000000000000000000e+00 0.000000000000000000e+00 0.000000000000000000e+00 1.000000000000000000e+00
6.444267021462917189e-01 7.197169248877725023e-01 -2.583055818036902318e-01 1.669381409719767007e+00 -7.601283310311658381e-01 5.661995835324276083e-01 -3.187835503464380160e-01 -2.842170943040400743e-14 -8.318140371879401140e-02 4.017780228407147325e-01 9.119513553022315921e-01 -1.421085471520200372e-14 0.000000000000000000e+00 0.000000000000000000e+00 0.000000000000000000e+00 1.000000000000000000e+00
9.841161061007992483e-01 8.543045175217646447e-02 1.556185324002880566e-01 1.669381409719761677e+00 -1.565090014502277527e-01 8.312489033945688055e-01 5.334137166125179075e-01 -3.730349362740525976e-14 -8.378795962459677227e-02 -5.492967308465852572e-01 8.314160687063975042e-01 8.881784197001252323e-15 0.000000000000000000e+00 0.000000000000000000e+00 0.000000000000000000e+00 1.000000000000000000e+00
7.493723051594514128e-01 6.613595144939566906e-01 3.232245114974925670e-02 1.669381409719768783e+00 -6.606483203792447023e-01 7.434982578539688358e-01 1.037021569119766923e-01 -2.486899575160350651e-14 4.455272202787242952e-02 -9.906529743775714658e-02 9.940830557873300277e-01 0.000000000000000000e+00 0.000000000000000000e+00 0.000000000000000000e+00 0.000000000000000000e+00 1.000000000000000000e+00
5.142614136445767814e-01 8.073359322527610127e-01 2.893853675116394575e-01 1.669381409719772336e+00 -6.862978374201255116e-01 5.897427090093376734e-01 -4.256745417837277112e-01 -2.309263891220325604e-14 -5.143252636112097820e-01 2.030343970594084002e-02 8.573548235983552424e-01 0.000000000000000000e+00 0.000000000000000000e+00 0.000000000000000000e+00 0.000000000000000000e+00 1.000000000000000000e+00
1.727076775347593518e-01 8.525019128993739370e-01 -4.933685707698229894e-01 1.669381409719765674e+00 -8.568887849727829797e-01 3.770430366073196371e-01 3.515396972374513207e-01 -2.486899575160350651e-14 4.857094484446613514e-01 3.620483904795595564e-01 7.956175555144212597e-01 1.421085471520200372e-14 0.000000000000000000e+00 0.000000000000000000e+00 0.000000000000000000e+00 1.000000000000000000e+00
9.532349123028306392e-01 -1.829383219684337647e-01 2.405759180017577881e-01 1.669381409719762566e+00 1.095299765180307305e-01 9.509935084307847841e-01 2.891617733492215514e-01 -2.842170943040400743e-14 -2.816849058983715848e-01 -2.492888230103399438e-01 9.265574437190308155e-01 -1.421085471520200372e-14 0.000000000000000000e+00 0.000000000000000000e+00 0.000000000000000000e+00 1.000000000000000000e+00
9.456098401066708181e-01 3.080923199987990468e-01 -1.044085851412325239e-01 1.669381409719767007e+00 -2.092639499352746402e-01 8.218505037948491410e-01 5.298776733073773393e-01 -2.131628207280300558e-14 2.490594899836649223e-01 -4.792085889984761260e-01 8.416225393127054755e-01 0.000000000000000000e+00 0.000000000000000000e+00 0.000000000000000000e+00 0.000000000000000000e+00 1.000000000000000000e+00
8.100241142853077392e-01 -4.601283230219441189e-02 -5.845885335343423694e-01 1.669381409719763454e+00 -2.496137457881500155e-01 8.750306741901019425e-01 -4.147460634412634684e-01 -3.552713678800500929e-14 5.306165396874766849e-01 4.818756462926361839e-01 6.973105114080402345e-01 -7.105427357601001859e-15 0.000000000000000000e+00 0.000000000000000000e+00 0.000000000000000000e+00 1.000000000000000000e+00
1.857315195765418814e-01 9.259033559749363373e-01 3.289479868157565989e-01 1.669381409719775888e+00 -9.389024250917861192e-01 2.659558984430210327e-01 -2.184712709720177393e-01 -1.065814103640150279e-14 -2.897689403517084705e-01 -2.682730614089233745e-01 9.187292994836575577e-01 0.000000000000000000e+00 0.000000000000000000e+00 0.000000000000000000e+00 0.000000000000000000e+00 1.000000000000000000e+00
9.954316177041881986e-01 2.934527920860331360e-02 -9.085564959314360034e-02 1.669381409719759901e+00 1.717936224688536295e-02 8.810144323889260720e-01 4.727773677273571229e-01 -2.131628207280300558e-14 9.391892241509837425e-02 -4.721783820873076687e-01 8.764854884718852324e-01 -3.552713678800500929e-15 0.000000000000000000e+00 0.000000000000000000e+00 0.000000000000000000e+00 1.000000000000000000e+00
7.962203121059251432e-01 5.955829844268974993e-01 -1.063678675686088038e-01 1.669381409719775888e+00 -6.016017807633130543e-01 7.980332716624314315e-01 -3.490264606253341839e-02 -2.131628207280300558e-14 6.409767524921373971e-02 9.178129428650431965e-02 9.937140846575238662e-01 -7.105427357601001859e-15 0.000000000000000000e+00 0.000000000000000000e+00 0.000000000000000000e+00 1.000000000000000000e+00
4.301509472378672871e-01 9.025370329821776894e-01 1.992653221444029565e-02 1.669381409719766118e+00 -8.462082138449319446e-01 4.107974181948395032e-01 -3.393775773763262893e-01 -1.421085471520200372e-14 -3.144865997331772745e-01 1.291215911464143606e-01 9.404391491681333148e-01 -3.552713678800500929e-15 0.000000000000000000e+00 0.000000000000000000e+00 0.000000000000000000e+00 1.000000000000000000e+00
6.828492720544618866e-01 7.252105955811068982e-01 8.824094124377820925e-02 1.669381409719761677e+00 -4.966958053110944737e-01 5.494338281523558631e-01 -6.718747989530571285e-01 -3.552713678800500929e-14 -5.357332812520191334e-01 4.149603120043456328e-01 7.353895503882286189e-01 0.000000000000000000e+00 0.000000000000000000e+00 0.000000000000000000e+00 0.000000000000000000e+00 1.000000000000000000e+00
2.307676753754309695e-01 8.534429752224511612e-01 -4.673129230454371452e-01 1.669381409719775888e+00 -8.925447449018332202e-01 -5.568447755486705120e-03 -4.509244623412175246e-01 -2.131628207280300558e-14 -3.874405223385150032e-01 5.211564836333185680e-01 7.604510248642007975e-01 0.000000000000000000e+00 0.000000000000000000e+00 0.000000000000000000e+00 0.000000000000000000e+00 1.000000000000000000e+00
3.950766200548323503e-01 8.972048478780483283e-01 1.973269500858343961e-01 1.669381409719758125e+00 -8.566176339225779479e-01 4.373932817301894316e-01 -2.736664874444424966e-01 -3.552713678800500929e-14 -3.318443815087633308e-01 -6.091451420985757870e-02 9.413653533138147678e-01 -1.421085471520200372e-14 0.000000000000000000e+00 0.000000000000000000e+00 0.000000000000000000e+00 1.000000000000000000e+00
7.908123515486623623e-01 6.087790135298806193e-01 6.327667282387930414e-02 1.669381409719761677e+00 -5.217519380069143287e-01 7.245679926642689672e-01 -4.503067167970080664e-01 -2.131628207280300558e-14 -3.199855306480338113e-01 3.230933869519109214e-01 8.906289482628773069e-01 0.000000000000000000e+00 0.000000000000000000e+00 0.000000000000000000e+00 0.000000000000000000e+00 1.000000000000000000e+00
7.924371721994604156e-01 -4.766880244782390474e-01 3.805415291864430172e-01 1.669381409719761677e+00 4.272862645263310610e-01 8.790588475056548834e-01 2.113811504585120793e-01 -1.687538997430237941e-14 -4.352812610986797059e-01 -4.906112622398941213e-03 9.002811526380408713e-01 0.000000000000000000e+00 0.000000000000000000e+00 0.000000000000000000e+00 0.000000000000000000e+00 1.000000000000000000e+00
8.680202976831152828e-01 -4.308529143104558590e-01 -2.467924817337490417e-01 1.669381409719772336e+00 4.204376934919857312e-01 9.021966780871041314e-01 -9.629797474367404742e-02 -7.105427357601001859e-15 2.641456202575673262e-01 -2.017226508801539878e-02 9.642718346088741121e-01 3.552713678800500929e-14 0.000000000000000000e+00 0.000000000000000000e+00 0.000000000000000000e+00 1.000000000000000000e+00
9.232423762749811802e-01 7.220464013517241542e-02 3.773725011087537551e-01 1.669381409719772336e+00 -6.156603861862064431e-02 9.972932931005803470e-01 -4.019590060454454605e-02 -2.131628207280300558e-14 -3.792533948944117883e-01 1.387722881378565705e-02 9.251887834282866985e-01 3.552713678800500929e-15 0.000000000000000000e+00 0.000000000000000000e+00 0.000000000000000000e+00 1.000000000000000000e+00
8.735068345356737929e-01 -4.454947016133979920e-01 1.962658423003263986e-01 1.669381409719768783e+00 4.613297870975786585e-01 8.862558583912250043e-01 -4.153770580732363965e-02 -3.552713678800500929e-14 -1.554369246864138188e-01 1.268267491565658600e-01 9.796705253004234226e-01 7.105427357601001859e-15 0.000000000000000000e+00 0.000000000000000000e+00 0.000000000000000000e+00 1.000000000000000000e+00
7.332138156995413603e-01 6.733144232494894244e-01 9.510619281375073952e-02 1.669381409719772336e+00 -5.826107909296518450e-01 6.941542693110895890e-01 -4.227463976067837859e-01 -3.552713678800500929e-14 -3.506596166649996738e-01 2.545536050449781484e-01 9.012437491594383898e-01 1.421085471520200372e-14 0.000000000000000000e+00 0.000000000000000000e+00 0.000000000000000000e+00 1.000000000000000000e+00
2.016309844449371003e-01 8.382314081255739513e-01 -5.066685825503519647e-01 1.669381409719768783e+00 -9.768565050898045943e-01 1.343954174395770584e-01 -1.664008420500759644e-01 -1.421085471520200372e-14 -7.138847648954309288e-02 5.284940663839653441e-01 8.459300841212841204e-01 -7.993605777301127091e-15 0.000000000000000000e+00 0.000000000000000000e+00 0.000000000000000000e+00 1.000000000000000000e+00
1.675917306549830066e-01 9.554128366223634261e-01 2.431035241070693131e-01 1.669381409719770559e+00 -8.953962092766795111e-01 2.506983693609639019e-01 -3.679890705071361956e-01 -2.486899575160350651e-14 -4.125271387787959876e-01 -1.560020487588623384e-01 8.974880057995301419e-01 -2.131628207280300558e-14 0.000000000000000000e+00 0.000000000000000000e+00 0.000000000000000000e+00 1.000000000000000000e+00
9.858938879197994831e-01 -1.651429147892391480e-01 2.722240726489692786e-02 1.669381409719772336e+00 1.456961681684552645e-01 9.268391977641081692e-01 3.460371772931536971e-01 -2.664535259100375697e-14 -8.237638219423702723e-02 -3.371897376595237028e-01 9.378257900450864826e-01 0.000000000000000000e+00 0.000000000000000000e+00 0.000000000000000000e+00 0.000000000000000000e+00 1.000000000000000000e+00
5.856875962201308905e-01 7.666178028532335542e-01 2.631865953698354632e-01 1.669381409719761677e+00 -7.409090296362289552e-01 6.380329945164524563e-01 -2.096847817841578920e-01 -2.131628207280300558e-14 -3.286698182635369170e-01 -7.218754918162154088e-02 9.416820632813203140e-01 0.000000000000000000e+00 0.000000000000000000e+00 0.000000000000000000e+00 0.000000000000000000e+00 1.000000000000000000e+00
6.714417487652659666e-01 7.261973705616527885e-01 -1.476595984160289643e-01 1.669381409719758125e+00 -5.823357980320925664e-01 6.402815294741398544e-01 5.009237280710328033e-01 -2.131628207280300558e-14 4.583132076924766873e-01 -2.503536338933342598e-01 8.528024751670429948e-01 0.000000000000000000e+00 0.000000000000000000e+00 0.000000000000000000e+00 0.000000000000000000e+00 1.000000000000000000e+00
9.931766977755831505e-01 -1.073984890016862898e-01 -4.544899950210746359e-02 1.669381409719768783e+00 1.164847223775837687e-01 8.948808597686617183e-01 4.308358809016701874e-01 -3.552713678800500929e-14 -5.599682866478455749e-03 -4.331902715664971981e-01 9.012851003827475616e-01 -7.105427357601001859e-15 0.000000000000000000e+00 0.000000000000000000e+00 0.000000000000000000e+00 1.000000000000000000e+00
7.438584690715983605e-01 -1.360658050653121287e-01 -6.543398770382152785e-01 1.669381409719761677e+00 3.102427169580890820e-01 9.374787685861636355e-01 1.577435102456935800e-01 -4.263256414560601115e-14 5.919662444471991414e-01 -3.203430273036994014e-01 7.395649466361831070e-01 1.776356839400250465e-15 0.000000000000000000e+00 0.000000000000000000e+00 0.000000000000000000e+00 1.000000000000000000e+00
7.341383234943843483e-02 9.374800461764032367e-01 3.402081307682956468e-01 1.669381409719765674e+00 -8.267779726646748983e-01 -1.335576133466658266e-01 5.464435449647409015e-01 -2.842170943040400743e-14 5.577173057528866940e-01 -3.213931034391244168e-01 7.652828757560889983e-01 0.000000000000000000e+00 0.000000000000000000e+00 0.000000000000000000e+00 0.000000000000000000e+00 1.000000000000000000e+00
2.369405832706439341e-01 9.391303882917375612e-01 2.487835882577011659e-01 1.669381409719797205e+00 -9.563867704398011371e-01 1.804434675069798155e-01 2.297052467006027998e-01 -2.486899575160350651e-14 1.708318042025381012e-01 -2.923598276457760048e-01 9.409262595186924649e-01 4.263256414560601115e-14 0.000000000000000000e+00 0.000000000000000000e+00 0.000000000000000000e+00 1.000000000000000000e+00
3.605737351093420973e-01 9.276675967719283378e-01 9.705365242325209030e-02 1.669381409719779441e+00 -8.204612147938439293e-01 2.659579165022245562e-01 5.060729015357430249e-01 -2.131628207280300558e-14 4.436552451716401779e-01 -2.621053539117261244e-01 8.570127227074874066e-01 0.000000000000000000e+00 0.000000000000000000e+00 0.000000000000000000e+00 0.000000000000000000e+00 1.000000000000000000e+00
4.794818015636577169e-01 8.774953076588654088e-01 9.959267339638006034e-03 1.669381409719765230e+00 -8.180999240927961935e-01 4.510754779550213422e-01 -3.567119669803781035e-01 -2.930988785010413267e-14 -3.175054584863550300e-01 1.628892207124899849e-01 9.341613273985640564e-01 -1.421085471520200372e-14 0.000000000000000000e+00 0.000000000000000000e+00 0.000000000000000000e+00 1.000000000000000000e+00
4.529146888567491258e-01 8.427996256941586717e-01 -2.907869934291772984e-01 1.669381409719750131e+00 -8.900734420382426793e-01 4.086483202461077546e-01 -2.019302308675693935e-01 -2.842170943040400743e-14 -5.135710657727321493e-02 3.502789478256163602e-01 9.352363906062411969e-01 -3.552713678800500929e-15 0.000000000000000000e+00 0.000000000000000000e+00 0.000000000000000000e+00 1.000000000000000000e+00
3.911861282596272860e-01 7.865362234170784062e-01 -4.778432612374504673e-01 1.669381409719767007e+00 -9.170253379315370656e-01 3.769689441144721265e-01 -1.302265132942230785e-01 0.000000000000000000e+00 7.770419968568545444e-02 4.891371836468987322e-01 8.687386677967012805e-01 1.421085471520200372e-14 0.000000000000000000e+00 0.000000000000000000e+00 0.000000000000000000e+00 1.000000000000000000e+00
9.046732506710782884e-01 1.576509746795088374e-01 -3.958692709756911898e-01 1.669381409719747467e+00 -6.966602682868595908e-02 9.712620531340510066e-01 2.275888152957711574e-01 -2.486899575160350651e-14 4.203723994580628731e-01 -1.783148740975600832e-01 8.896577158938386853e-01 -3.552713678800500929e-15 0.000000000000000000e+00 0.000000000000000000e+00 0.000000000000000000e+00 1.000000000000000000e+00
9.973206442418103279e-02 8.355171154332315941e-01 -5.403375474125623468e-01 1.669381409719763898e+00 -9.776949416538512905e-01 -1.859212932201148583e-02 -2.092054822220158206e-01 -3.552713678800500929e-14 -1.848407865979896370e-01 5.491497815217681877e-01 8.150266259849617834e-01 -1.421085471520200372e-14 0.000000000000000000e+00 0.000000000000000000e+00 0.000000000000000000e+00 1.000000000000000000e+00
6.782482689699431688e-01 6.782540509285792663e-01 -2.827555977133751619e-01 1.669381409719758125e+00 -7.177992106029809083e-01 6.938840909115361333e-01 -5.735121304391582742e-02 -2.842170943040400743e-14 1.573009182967894659e-01 2.418601058025970363e-01 9.574759058713401272e-01 7.105427357601001859e-15 0.000000000000000000e+00 0.000000000000000000e+00 0.000000000000000000e+00 1.000000000000000000e+00
8.402467747127909670e-01 -3.493100818692906340e-01 -4.146900339883053399e-01 1.669381409719761677e+00 2.042478037678578384e-01 9.123977627833320669e-01 -3.547015042595353940e-01 -3.197442310920450836e-14 5.022630707515325366e-01 2.133372662533201680e-01 8.379850944896340970e-01 1.243449787580175325e-14 0.000000000000000000e+00 0.000000000000000000e+00 0.000000000000000000e+00 1.000000000000000000e+00
7.613405912657247310e-01 6.198855347575572550e-01 1.900063890754571938e-01 1.669381409719772336e+00 -6.461263321085636280e-01 7.496767914150530565e-01 1.431973162093662655e-01 -2.131628207280300558e-14 -5.367743517615891635e-02 -2.317900606410217001e-01 9.712837385341838159e-01 1.421085471520200372e-14 0.000000000000000000e+00 0.000000000000000000e+00 0.000000000000000000e+00 1.000000000000000000e+00
8.510014456150087891e-01 5.202152663124561816e-01 -7.192090277955030808e-02 1.669381409719759901e+00 -5.237368296723250438e-01 8.507807315672344384e-01 -4.326522898013258900e-02 -4.263256414560601115e-14 3.868168566579269219e-02 7.448639801589039544e-02 9.964715267907413576e-01 1.421085471520200372e-14 0.000000000000000000e+00 0.000000000000000000e+00 0.000000000000000000e+00 1.000000000000000000e+00
4.579862315885054880e-01 6.556796781210281200e-01 6.002772454245327571e-01 1.669381409719747467e+00 -7.215168418448301146e-01 6.686299264397781439e-01 -1.798540197032008348e-01 -3.552713678800500929e-14 -5.192899561994458457e-01 -3.507394776301091532e-01 7.793072309571725809e-01 7.105427357601001859e-15 0.000000000000000000e+00 0.000000000000000000e+00 0.000000000000000000e+00 1.000000000000000000e+00
6.331171247921187906e-01 7.336890231132380258e-01 -2.467045270320414596e-01 1.669381409719754572e+00 -5.245891022264421721e-01 6.410569368118776978e-01 5.602252025664568036e-01 -2.842170943040400743e-14 5.691827299911831339e-01 -2.252696631340198319e-01 7.907493906107478931e-01 -3.552713678800500929e-15 0.000000000000000000e+00 0.000000000000000000e+00 0.000000000000000000e+00 1.000000000000000000e+00
9.826311380778179894e-01 -1.021177886123798423e-01 1.549451636186473802e-01 1.669381409719768783e+00 8.848193614014546182e-02 9.917734063022346502e-01 9.250112176916421014e-02 -2.264854970235319342e-14 -1.631165027113544996e-01 -7.718463448497910051e-02 9.835830106008525142e-01 0.000000000000000000e+00 0.000000000000000000e+00 0.000000000000000000e+00 0.000000000000000000e+00 1.000000000000000000e+00
