1.000000000000000000e+00 0.000000000000000000e+00 0.000000000000000000e+00 1.384685325407687628e+00 0.000000000000000000e+00 1.000000000000000000e+00 0.000000000000000000e+00 7.105427357601001859e-15 0.000000000000000000e+00 0.000000000000000000e+00 1.000000000000000000e+00 1.332267629550187849e-15 0.000000000000000000e+00 0.000000000000000000e+00 0.000000000000000000e+00 1.000000000000000000e+00
6.385401354529904872e-01 -9.532165358481212158e-02 7.636624108685288181e-01 1.384685325407680523e+00 -7.237646566407981430e-01 2.629154971977805122e-01 6.379969930421861557e-01 7.105427357601001859e-15 -2.615936108036739371e-01 -9.600985489475031276e-01 9.889165331611637910e-02 0.000000000000000000e+00 0.000000000000000000e+00 0.000000000000000000e+00 0.000000000000000000e+00 1.000000000000000000e+00
9.497891099541999615e-02 -7.467807978634259658e-02 9.926742622157326279e-01 1.384685325407684076e+00 -2.276547866275126508e-01 9.691271141756137020e-01 9.468861967115542455e-02 1.421085471520200372e-14 -9.690987073522004946e-01 -2.349804693353719776e-01 7.504581560102163706e-02 6.217248937900876626e-15 0.000000000000000000e+00 0.000000000000000000e+00 0.000000000000000000e+00 1.000000000000000000e+00
8.625923774854271642e-03 -8.216767521743558733e-01 -5.698885052141628993e-01 1.384685325407687628e+00 4.932932864059650369e-01 -4.922408823900963348e-01 7.171894082392894498e-01 1.065814103640150279e-14 -8.698202843264999373e-01 -2.873085947896824033e-01 4.010815931131034295e-01 3.552713678800500929e-15 0.000000000000000000e+00 0.000000000000000000e+00 0.000000000000000000e+00 1.000000000000000000e+00
6.840063841703862835e-01 -1.206399251235982378e-02 7.293762585242377083e-01 1.384685325407673417e+00 6.811310956548885520e-02 9.965513016235589827e-01 -4.739311698664734618e-02 1.065814103640150279e-14 -7.262891095971862887e-01 8.209727959592848234e-02 6.824691685076142988e-01 8.881784197001252323e-15 0.000000000000000000e+00 0.000000000000000000e+00 0.000000000000000000e+00 1.000000000000000000e+00
8.777532896653289507e-01 -3.471873058696160474e-01 3.301668322601329919e-01 1.384685325407701839e+00 3.840922540843921817e-01 9.798279253464381444e-02 -9.180808857173119453e-01 1.421085471520200372e-14 2.863953610554191842e-01 9.326630404439273381e-01 2.193566733788271383e-01 5.329070518200751394e-15 0.000000000000000000e+00 0.000000000000000000e+00 0.000000000000000000e+00 1.000000000000000000e+00
1.178585085832473123e-02 9.596436078389721791e-01 2.809719552790746477e-01 1.384685325407673417e+00 -3.087795128240722331e-02 -2.805081809422189654e-01 9.593548418333481820e-01 0.000000000000000000e+00 9.994536736858525838e-01 -1.998265143288951995e-02 2.632580098620029840e-02 1.421085471520200372e-14 0.000000000000000000e+00 0.000000000000000000e+00 0.000000000000000000e+00 1.000000000000000000e+00
2.471188774681160050e-01 -5.814212356987821240e-01 7.751655352744983851e-01 1.384685325407673417e+00 9.275605880366449840e-01 -8.946402196929015282e-02 -3.628051051104324021e-01 7.105427357601001859e-15 2.802920190087683228e-01 8.086689900395462871e-01 5.171951745989211702e-01 -1.776356839400250465e-15 0.000000000000000000e+00 0.000000000000000000e+00 0.000000000000000000e+00 1.000000000000000000e+00
2.155856427275960607e-01 3.864604937882295532e-01 8.967558850605259479e-01 1.384685325407673417e+00 -7.987562205304074014e-01 -4.584711243495558364e-01 3.896058627659925166e-01 1.421085471520200372e-14 5.617039529981149304e-01 -8.002827718241921628e-01 2.098479313876585595e-01 -3.885780586188047891e-15 0.000000000000000000e+00 0.000000000000000000e+00 0.000000000000000000e+00 1.000000000000000000e+00
4.700267789576513255e-01 -8.650078085175414433e-01 -1.756027285277064753e-01 1.384685325407680523e+00 7.181949232618327628e-01 4.904574500337767207e-01 -4.936066672030429148e-01 1.421085471520200372e-14 5.130992879196241141e-01 1.058913637179430267e-01 8.517723521143011345e-01 -3.552713678800500929e-15 0.000000000000000000e+00 0.000000000000000000e+00 0.000000000000000000e+00 1.000000000000000000e+00
3.025177065678207322e-01 -9.575961068836015902e-03 -9.530956605622302735e-01 1.384685325407687628e+00 3.919006271958359044e-01 9.127639913198675181e-01 1.152206342342171896e-01 -7.105427357601001859e-15 8.688480509366736104e-01 -4.083750691697927149e-01 2.798800944406563129e-01 -1.776356839400250465e-15 0.000000000000000000e+00 0.000000000000000000e+00 0.000000000000000000e+00 1.000000000000000000e+00
3.968389354650827539e-01 9.178628638943786555e-01 6.828058475834453134e-03 1.384685325407684076e+00 -6.220753687918373354e-02 3.431577725593137895e-02 -9.974731323633467817e-01 1.421085471520200372e-14 -9.157778560624650899e-01 3.954114193026435076e-01 7.071582447164348473e-02 0.000000000000000000e+00 0.000000000000000000e+00 0.000000000000000000e+00 0.000000000000000000e+00 1.000000000000000000e+00
3.234880455254480758e-01 3.904270181929087591e-01 8.619293636181099005e-01 1.384685325407691181e+00 -4.774865586999780809e-01 8.537783804099751128e-01 -2.075308733788114590e-01 5.329070518200751394e-15 -8.169223161739297412e-01 -3.444259290609723578e-01 4.626107529311310751e-01 -2.131628207280300558e-14 0.000000000000000000e+00 0.000000000000000000e+00 0.000000000000000000e+00 1.000000000000000000e+00
1.031132770589437975e-02 2.387433441959443403e-01 9.710279564065487090e-01 1.384685325407691181e+00 1.470190593568654336e-02 9.709384212989423668e-01 -2.388774497673978037e-01 2.131628207280300558e-14 -9.998387522409799555e-01 1.673910534211095480e-02 6.501682055117141701e-03 -1.065814103640150279e-14 0.000000000000000000e+00 0.000000000000000000e+00 0.000000000000000000e+00 1.000000000000000000e+00
2.784865488953048862e-01 -7.822801716779221870e-01 -5.572099919096421550e-01 1.384685325407676970e+00 8.710986081183231811e-01 4.500783208635931176e-01 -1.965113737749761835e-01 1.421085471520200372e-14 4.045150887404607154e-01 -4.306590740808430295e-01 8.067839270170967803e-01 5.329070518200751394e-15 0.000000000000000000e+00 0.000000000000000000e+00 0.000000000000000000e+00 1.000000000000000000e+00
1.200002135847002549e-01 9.792925497352628073e-01 -1.630522945948149893e-01 1.384685325407691181e+00 -1.691249151239014592e-01 -1.416732118970602805e-01 -9.753591462200494888e-01 -7.105427357601001859e-15 -9.782620874918743770e-01 1.446195113523023046e-01 1.486219536685675635e-01 8.881784197001252323e-15 0.000000000000000000e+00 0.000000000000000000e+00 0.000000000000000000e+00 1.000000000000000000e+00
6.933530031158089413e-01 -6.859811604035019883e-01 -2.206614162959940895e-01 1.384685325407687628e+00 2.678918523601087620e-01 5.296527097712517840e-01 -8.047993305607552550e-01 0.000000000000000000e+00 6.689510957531639157e-01 4.988966371939533850e-01 5.510050606729544054e-01 -7.105427357601001859e-15 0.000000000000000000e+00 0.000000000000000000e+00 0.000000000000000000e+00 1.000000000000000000e+00
6.884070594772833118e-01 5.331057638177754132e-01 -4.918271698941676373e-01 1.384685325407684076e+00 -6.676484290749566952e-01 7.307205695384400013e-01 -1.424535868525620419e-01 7.105427357601001859e-15 2.834454014719283710e-01 4.264336921933868929e-01 8.589604243192657806e-01 -7.105427357601001859e-15 0.000000000000000000e+00 0.000000000000000000e+00 0.000000000000000000e+00 1.000000000000000000e+00
5.031515641768002922e-02 9.045441977905921416e-01 -4.234007313149546481e-01 1.384685325407673417e+00 -5.595991042435695395e-02 4.258250314625565691e-01 9.030733807422355319e-01 3.552713678800500929e-15 9.971644164629833718e-01 -2.174481141069656634e-02 7.204366534783535059e-02 0.000000000000000000e+00 0.000000000000000000e+00 0.000000000000000000e+00 0.000000000000000000e+00 1.000000000000000000e+00
8.748582789578587260e-01 2.251873750819236852e-01 -4.288515335668120487e-01 1.384685325407687628e+00 -3.189319358369396284e-01 9.341573227630202148e-01 -1.601015822268119226e-01 3.552713678800500929e-15 3.645619454114701341e-01 2.768406444724824667e-01 8.890747131292537908e-01 -1.421085471520200372e-14 0.000000000000000000e+00 0.000000000000000000e+00 0.000000000000000000e+00 1.000000000000000000e+00
2.171201751972555716e-01 -2.208666435247496618e-01 -9.508295090606013744e-01 1.384685325407701839e+00 -4.630134461031640281e-01 8.342147826703876223e-01 -2.995066695448873606e-01 8.881784197001252323e-15 8.593470650732366600e-01 5.052757882110611165e-01 7.886063401790166516e-02 0.000000000000000000e+00 0.000000000000000000e+00 0.000000000000000000e+00 0.000000000000000000e+00 1.000000000000000000e+00
4.164015807224739074e-01 -9.052421156392354007e-01 8.453659352509007574e-02 1.384685325407687628e+00 4.661691695621419940e-01 1.327503208310392147e-01 -8.746791741370084639e-01 0.000000000000000000e+00 7.805741661889458172e-01 4.036261443368819313e-01 4.772734087356791388e-01 -2.131628207280300558e-14 0.000000000000000000e+00 0.000000000000000000e+00 0.000000000000000000e+00 1.000000000000000000e+00
1.179569464010100655e-01 -9.027276136069170009e-01 4.137257720124646876e-01 1.384685325407676970e+00 9.516984171755006328e-01 -1.616482314262168707e-02 -3.066085798512732108e-01 1.421085471520200372e-14 2.834718355346718677e-01 4.299087741885811997e-01 8.572176878333037653e-01 7.105427357601001859e-15 0.000000000000000000e+00 0.000000000000000000e+00 0.000000000000000000e+00 1.000000000000000000e+00
5.173828209229274222e-01 -7.332440636834457459e-01 4.412121481632400588e-01 1.384685325407691181e+00 2.715061467810330198e-01 -3.482943851522741774e-01 -8.972042317842217063e-01 8.881784197001252323e-15 8.115413907336768151e-01 5.839898666452922882e-01 1.887873887905844317e-02 1.421085471520200372e-14 0.000000000000000000e+00 0.000000000000000000e+00 0.000000000000000000e+00 1.000000000000000000e+00
1.574004055309642380e-01 -4.454755346232197599e-01 8.813493407218528919e-01 1.384685325407685852e+00 8.199553114157637213e-01 -4.384296347516636327e-01 -3.680390504451954148e-01 7.105427357601001859e-15 5.503620623005970325e-01 7.805965689289697806e-01 2.962610284133812000e-01 1.421085471520200372e-14 0.000000000000000000e+00 0.000000000000000000e+00 0.000000000000000000e+00 1.000000000000000000e+00
7.686131391929520440e-01 7.862088385821112968e-02 6.348642365744895377e-01 1.384685325407716050e+00 -6.154380010271646162e-01 3.616756004866118479e-01 7.003048099965731854e-01 -1.421085471520200372e-14 -1.745563208584657577e-01 -9.289830550844305757e-01 3.263748982601970550e-01 7.105427357601001859e-15 0.000000000000000000e+00 0.000000000000000000e+00 0.000000000000000000e+00 1.000000000000000000e+00
7.481618975315742492e-01 -1.078474863430653047e-01 6.546928247441212712e-01 1.384685325407691181e+00 1.818128886854927517e-01 9.822583741780595012e-01 -4.596259201689923551e-02 0.000000000000000000e+00 -6.381205596043673101e-01 1.534190537272266674e-01 7.544963521208378765e-01 3.552713678800500929e-15 0.000000000000000000e+00 0.000000000000000000e+00 0.000000000000000000e+00 1.000000000000000000e+00
7.319988718001635419e-01 2.173070414815327922e-01 6.457207611698969618e-01 1.384685325407676970e+00 -6.791535153996761665e-01 1.574621757221952301e-01 7.169073620329857732e-01 2.131628207280300558e-14 5.411242189691417570e-02 -9.633189051084671828e-01 2.628469761231322366e-01 -7.105427357601001859e-15 0.000000000000000000e+00 0.000000000000000000e+00 0.000000000000000000e+00 1.000000000000000000e+00
9.819603525675651978e-01 7.162534505346396588e-03 -1.889512214431089132e-01 1.384685325407662759e+00 -2.647028853601974749e-03 9.997051009145172529e-01 2.413927181468274522e-02 0.000000000000000000e+00 1.890683982680111119e-01 -2.320364852678691303e-02 9.816897327931132233e-01 1.687538997430237941e-14 0.000000000000000000e+00 0.000000000000000000e+00 0.000000000000000000e+00 1.000000000000000000e+00
5.315800204579368415e-02 -2.082640849626262725e-01 -9.766270003093193708e-01 1.384685325407687628e+00 4.040174894942569206e-02 9.776575530089133270e-01 -2.062847733751847490e-01 0.000000000000000000e+00 9.977684728935500846e-01 -2.849175247863365568e-02 6.038455547877530361e-02 -8.881784197001252323e-16 0.000000000000000000e+00 0.000000000000000000e+00 0.000000000000000000e+00 1.000000000000000000e+00
4.176225933143540292e-01 -1.696066075398423578e-01 -8.926505297327839150e-01 1.384685325407687628e+00 -5.085970454360607684e-01 7.704642340131784284e-01 -3.843356729217258239e-01 1.421085471520200372e-14 7.529411762728236424e-01 6.145066824578168108e-01 2.355018519833435020e-01 -5.329070518200751394e-15 0.000000000000000000e+00 0.000000000000000000e+00 0.000000000000000000e+00 1.000000000000000000e+00
8.457226503293070463e-01 2.583875687911895147e-01 4.668929888252242866e-01 1.384685325407687628e+00 -4.725680117649683210e-01 -4.373873436840924889e-02 8.802081557065661865e-01 1.421085471520200372e-14 2.478561537998955067e-01 -9.650506657217683415e-01 8.511486129633583086e-02 1.065814103640150279e-14 0.000000000000000000e+00 0.000000000000000000e+00 0.000000000000000000e+00 1.000000000000000000e+00
7.607706553327434618e-01 -6.264323059552484585e-01 1.697367845818288090e-01 1.384685325407683631e+00 6.017698081882582040e-01 5.828719602594548688e-01 -5.460159117611569357e-01 0.000000000000000000e+00 2.431071943354515541e-01 5.175353553129395934e-01 8.203999317792842749e-01 0.000000000000000000e+00 0.000000000000000000e+00 0.000000000000000000e+00 0.000000000000000000e+00 1.000000000000000000e+00
9.135868805156832639e-02 5.081649661326625989e-01 8.564005822702867032e-01 1.384685325407679635e+00 -9.361682010814589283e-01 -2.493451095253094163e-01 2.478227504482121701e-01 2.131628207280300558e-14 3.394741365721422599e-01 -8.243757538593681211e-01 4.529480401187282457e-01 7.105427357601001859e-15 0.000000000000000000e+00 0.000000000000000000e+00 0.000000000000000000e+00 1.000000000000000000e+00
4.961840197255096285e-03 -5.612216032790032783e-01 8.276507066116733924e-01 1.384685325407684076e+00 1.452950690586385929e-01 8.192824569219603337e-01 5.546761205308569087e-01 7.105427357601001859e-15 -9.893759260509134013e-01 1.175013523022665762e-01 8.560788023328391727e-02 -7.105427357601001859e-15 0.000000000000000000e+00 0.000000000000000000e+00 0.000000000000000000e+00 1.000000000000000000e+00
4.143407009749182635e-01 -3.146966512608336264e-01 8.539834900048307587e-01 1.384685325407680523e+00 6.636057593478439376e-01 7.466145457009689679e-01 -4.684139524082465283e-02 7.105427357601001859e-15 -6.228556652034120678e-01 5.861166588939039634e-01 5.181873044479787804e-01 0.000000000000000000e+00 0.000000000000000000e+00 0.000000000000000000e+00 0.000000000000000000e+00 1.000000000000000000e+00
4.610758781568246034e-01 8.521379009012572947e-01 2.475278417259602071e-01 1.384685325407659207e+00 -3.908989309020710623e-01 -5.537390608572967388e-02 9.187664318772352789e-01 3.552713678800500929e-15 7.966222821397419551e-01 -5.203794080979834424e-01 3.075682220679851753e-01 0.000000000000000000e+00 0.000000000000000000e+00 0.000000000000000000e+00 0.000000000000000000e+00 1.000000000000000000e+00
9.100135994858440380e-01 3.286469704443381601e-01 2.527180594428823923e-01 1.384685325407680523e+00 -3.574612342698751388e-01 9.307674986873717415e-01 7.676802317052951186e-02 0.000000000000000000e+00 -2.099921778187829047e-01 -1.601968545415666800e-01 9.644896334590189468e-01 3.552713678800500929e-15 0.000000000000000000e+00 0.000000000000000000e+00 0.000000000000000000e+00 1.000000000000000000e+00
2.531155413327222936e-01 -7.418823972429987590e-01 6.209211152769927855e-01 1.384685325407673417e+00 7.684072144185227771e-01 -2.357762935725027376e-01 -5.949452850630717604e-01 -7.105427357601001859e-15 5.877779134719248733e-01 6.277101624557265280e-01 5.103891421106014903e-01 -7.105427357601001859e-15 0.000000000000000000e+00 0.000000000000000000e+00 0.000000000000000000e+00 1.000000000000000000e+00
6.361765851953611328e-01 7.647590523205876067e-01 1.020928221908181388e-01 1.384685325407673417e+00 -5.498802765808441517e-01 3.565969907311621334e-01 7.552948216616169885e-01 1.421085471520200372e-14 5.412125588680880561e-01 -5.366397097636329550e-01 6.473845750620416117e-01 0.000000000000000000e+00 0.000000000000000000e+00 0.000000000000000000e+00 0.000000000000000000e+00 1.000000000000000000e+00
3.616637312319059827e-02 9.142243611361963729e-02 9.951552299165017379e-01 1.384685325407687628e+00 2.836552475492851860e-02 9.953115726977043165e-01 -9.246767142845131737e-02 3.302913498259840708e-15 -9.989431367502815684e-01 3.157232061590706934e-02 3.340356433727809105e-02 0.000000000000000000e+00 0.000000000000000000e+00 0.000000000000000000e+00 0.000000000000000000e+00 1.000000000000000000e+00
4.112727952162980039e-01 -7.666534906269836247e-01 -4.930487939590101343e-01 1.384685325407687628e+00 6.432974971258362817e-01 -1.390900233734946312e-01 7.528760160807325130e-01 7.105427357601001859e-15 -6.457731940136627324e-01 -6.268144786995768492e-01 4.359823289836068927e-01 -3.552713678800500929e-15 0.000000000000000000e+00 0.000000000000000000e+00 0.000000000000000000e+00 1.000000000000000000e+00
6.905911601377205944e-01 6.501447211111448521e-01 3.168527909786325591e-01 1.384685325407682299e+00 2.126038853266934425e-01 2.362560835844246254e-01 -9.481469563909086240e-01 7.105427357601001859e-15 -6.912911380045541065e-01 7.221460410337102731e-01 2.493306911929304981e-02 2.131628207280300558e-14 0.000000000000000000e+00 0.000000000000000000e+00 0.000000000000000000e+00 1.000000000000000000e+00
2.495188897696549724e-01 6.526630240812676398e-01 7.153819264177796455e-01 1.384685325407676970e+00 4.198339060531869338e-02 7.307629773169629361e-01 -6.813390241987679063e-01 -7.105427357601001859e-15 -9.674594144259489603e-01 2.000411157235996440e-01 1.549381601112437279e-01 -7.105427357601001859e-15 0.000000000000000000e+00 0.000000000000000000e+00 0.000000000000000000e+00 1.000000000000000000e+00
9.562831366368207409e-02 -3.219840321563553487e-01 9.419031312519220434e-01 1.384685325407694734e+00 -2.029214208756848978e-02 9.454124290974332823e-01 3.252438590928177220e-01 1.421085471520200372e-14 -9.952102564761570180e-01 -5.021575394660403313e-02 8.387445058082798610e-02 1.243449787580175325e-14 0.000000000000000000e+00 0.000000000000000000e+00 0.000000000000000000e+00 1.000000000000000000e+00
1.866324584490562932e-01 7.404882042464556724e-01 -6.456357679257870297e-01 1.384685325407659207e+00 5.575566755912371442e-02 6.481399228853417238e-01 7.594774163181021720e-01 1.421085471520200372e-14 9.808463850105673121e-01 -1.777409905847345539e-01 7.967753307965530496e-02 -1.421085471520200372e-14 0.000000000000000000e+00 0.000000000000000000e+00 0.000000000000000000e+00 1.000000000000000000e+00
4.875448168435830842e-01 7.233763630805141176e-01 -4.889035578775893232e-01 1.384685325407687628e+00 -8.638465516242315179e-01 3.183582378511182753e-01 -3.904064134197269276e-01 1.065814103640150279e-14 -1.267642962978181853e-01 6.126782758746542878e-01 7.801000855373494414e-01 0.000000000000000000e+00 0.000000000000000000e+00 0.000000000000000000e+00 0.000000000000000000e+00 1.000000000000000000e+00
6.880898759483846661e-01 6.171824546517352683e-01 -3.815994500617045371e-01 1.384685325407679635e+00 -6.442759353610536532e-01 2.777051851320746501e-01 -7.125926952091212740e-01 1.243449787580175325e-14 -3.338275628703777920e-01 7.361831618699377078e-01 5.887219296469301533e-01 -1.421085471520200372e-14 0.000000000000000000e+00 0.000000000000000000e+00 0.000000000000000000e+00 1.000000000000000000e+00
7.868949056475860182e-02 -3.866353300170725094e-01 9.188694606184536484e-01 1.384685325407691181e+00 3.406244943453015650e-01 8.766810861453111503e-01 3.397134484342430039e-01 0.000000000000000000e+00 -9.369006980073534274e-01 2.862575671972128477e-01 2.006830518396279794e-01 0.000000000000000000e+00 0.000000000000000000e+00 0.000000000000000000e+00 0.000000000000000000e+00 1.000000000000000000e+00
7.790787123512414869e-01 -1.452005670187414832e-01 -6.098796236131910353e-01 1.384685325407676970e+00 3.804487326094254662e-01 8.827062192257869588e-01 2.758414261781553245e-01 2.486899575160350651e-14 4.982922052541193803e-01 -4.469301129679592588e-01 7.429389963553089116e-01 1.421085471520200372e-14 0.000000000000000000e+00 0.000000000000000000e+00 0.000000000000000000e+00 1.000000000000000000e+00
5.652958578372703213e-01 -7.769551699565040437e-01 2.770943106414937573e-01 1.384685325407680523e+00 1.339652583713998313e-01 4.179295194464396346e-01 8.985478430917032133e-01 0.000000000000000000e+00 -8.139372842311063394e-01 -4.708243628500207167e-01 3.403388262972111278e-01 1.065814103640150279e-14 0.000000000000000000e+00 0.000000000000000000e+00 0.000000000000000000e+00 1.000000000000000000e+00
2.357550967477447523e-01 -9.652768627864849460e-01 1.125171654750656558e-01 1.384685325407680523e+00 4.035986724125263936e-01 -8.071848768961498166e-03 -9.149005174795221684e-01 0.000000000000000000e+00 8.840405228179916142e-01 2.611042386223037526e-01 3.876814808436939153e-01 3.552713678800500929e-15 0.000000000000000000e+00 0.000000000000000000e+00 0.000000000000000000e+00 1.000000000000000000e+00
1.809298644153084501e-01 4.412866205276268494e-01 8.789371437742088400e-01 1.384685325407694734e+00 -2.425612972091570896e-01 8.861019209038787370e-01 -3.949524058246350888e-01 2.131628207280300558e-14 -9.531151038877041515e-01 -1.417374485228324321e-01 2.673613555235092587e-01 -2.664535259100375697e-15 0.000000000000000000e+00 0.000000000000000000e+00 0.000000000000000000e+00 1.000000000000000000e+00
7.585993226465226336e-01 -2.027206741288176961e-01 6.192183750188577918e-01 1.384685325407685852e+00 1.486107278158091682e-01 9.791497932568116180e-01 1.384938047105305214e-01 1.065814103640150279e-14 -6.343831013341170166e-01 -1.303881305567310134e-02 7.729088368596950254e-01 7.105427357601001859e-15 0.000000000000000000e+00 0.000000000000000000e+00 0.000000000000000000e+00 1.000000000000000000e+00
2.985838430003712185e-01 5.818616523616296776e-01 7.564950140021570180e-01 1.384685325407687628e+00 -3.502058085884030558e-01 -6.705618668883428501e-01 6.539898120813224525e-01 7.105427357601001859e-15 8.878083015663192912e-01 -4.601997394460525803e-01 3.552391266864018959e-03 0.000000000000000000e+00 0.000000000000000000e+00 0.000000000000000000e+00 0.000000000000000000e+00 1.000000000000000000e+00
4.045536910375099326e-01 -4.437767758683596742e-01 -7.996239642905973444e-01 1.384685325407687628e+00 -2.104009480502666216e-02 8.696221576165796829e-01 -4.932693152760265765e-01 7.105427357601001859e-15 9.142721834763005706e-01 2.163780861875071182e-01 3.424717482352511722e-01 -1.776356839400250465e-15 0.000000000000000000e+00 0.000000000000000000e+00 0.000000000000000000e+00 1.000000000000000000e+00
3.380905255841883950e-01 -4.638913997956838342e-01 8.188403786488598346e-01 1.384685325407694734e+00 6.919760669493565386e-01 -4.671777897961200132e-01 -5.503762671941004880e-01 1.421085471520200372e-14 6.378588552959868485e-01 7.526949461214771375e-01 1.630533618288193543e-01 -5.329070518200751394e-15 0.000000000000000000e+00 0.000000000000000000e+00 0.000000000000000000e+00 1.000000000000000000e+00
8.813683956266171737e-02 -2.036970162067779089e-01 -9.750586767473850003e-01 1.384685325407694734e+00 6.809788172918377347e-01 7.267190255725630710e-01 -9.026244108528456989e-02 -7.105427357601001859e-15 7.269798813665450110e-01 -6.560388581931105856e-01 2.027640713463907396e-01 -7.105427357601001859e-15 0.000000000000000000e+00 0.000000000000000000e+00 0.000000000000000000e+00 1.000000000000000000e+00
9.077926367420354747e-01 4.034722376841463620e-01 1.145542757608401518e-01 1.384685325407687628e+00 -3.083663142459772133e-01 8.271843269682016553e-01 -4.697619668050134201e-01 7.105427357601001859e-15 -2.842934134222847575e-01 3.911217746895600533e-01 8.753290880853867861e-01 1.065814103640150279e-14 0.000000000000000000e+00 0.000000000000000000e+00 0.000000000000000000e+00 1.000000000000000000e+00
2.675258723008350215e-01 1.969644743434873779e-01 -9.432045925971053180e-01 1.384685325407716050e+00 3.335543359908585415e-01 8.994299670772606392e-01 2.824309460117557236e-01 1.421085471520200372e-14 9.039753384862747598e-01 -3.901675667838006012e-01 1.749224320624250817e-01 1.776356839400250465e-14 0.000000000000000000e+00 0.000000000000000000e+00 0.000000000000000000e+00 1.000000000000000000e+00
2.780217922450712864e-01 1.816002514444638449e-01 9.432524750628253907e-01 1.384685325407691181e+00 -4.690427570962830139e-01 8.826072635271700051e-01 -3.167507513168829614e-02 7.105427357601001859e-15 -8.382736874388673209e-01 -4.336193803837512517e-01 3.305623358812312951e-01 -7.105427357601001859e-15 0.000000000000000000e+00 0.000000000000000000e+00 0.000000000000000000e+00 1.000000000000000000e+00
1.111475437257261056e-01 -9.521588691165403517e-01 2.846747468365417588e-01 1.384685325407694734e+00 2.979747947473804920e-02 2.895137406192956897e-01 9.567099373423357811e-01 -2.842170943040400743e-14 -9.933571028289326366e-01 -9.785336966775595724e-02 6.055067550387138731e-02 -1.421085471520200372e-14 0.000000000000000000e+00 0.000000000000000000e+00 0.000000000000000000e+00 1.000000000000000000e+00
3.926931746944670731e-01 8.916082065074258933e-01 2.254481684046070189e-01 1.384685325407680523e+00 -2.168552446003001455e-01 3.279985443946340506e-01 -9.194513351800329692e-01 3.552713678800500929e-15 -8.937370270038746956e-01 3.121726460848429641e-01 3.221527054032957693e-01 0.000000000000000000e+00 0.000000000000000000e+00 0.000000000000000000e+00 0.000000000000000000e+00 1.000000000000000000e+00
2.292278199841601971e-01 1.632020660717809213e-01 9.595935036124469963e-01 1.384685325407684076e+00 -7.925468665803852009e-01 -5.410337468829822249e-01 2.813395617530070059e-01 0.000000000000000000e+00 5.650876664898308865e-01 -8.250136788948794209e-01 5.325299748787037935e-03 1.421085471520200372e-14 0.000000000000000000e+00 0.000000000000000000e+00 0.000000000000000000e+00 1.000000000000000000e+00
1.935229945420446906e-01 -8.345772906201958108e-01 -5.157805701696537293e-01 1.384685325407680523e+00 3.973184451693377861e-01 5.473472116035350554e-01 -7.365793121436788882e-01 0.000000000000000000e+00 8.970434235374002974e-01 -6.238409998459713834e-02 4.375172229266089952e-01 0.000000000000000000e+00 0.000000000000000000e+00 0.000000000000000000e+00 0.000000000000000000e+00 1.000000000000000000e+00
9.576349195297129135e-02 -8.337683482569571147e-01 5.437459839427219999e-01 1.384685325407684076e+00 9.641973048749035158e-01 2.134065613692149865e-01 1.574204460562223795e-01 0.000000000000000000e+00 -2.472911459817066226e-01 5.092032806349867657e-01 8.243537518017499677e-01 1.421085471520200372e-14 0.000000000000000000e+00 0.000000000000000000e+00 0.000000000000000000e+00 1.000000000000000000e+00
6.578778973751435721e-01 3.009888645632096196e-02 -7.525229094049891154e-01 1.384685325407684076e+00 1.412975921821990610e-02 9.985319105003945817e-01 5.229123843309705505e-02 0.000000000000000000e+00 7.529920464717373418e-01 -4.503421750759499520e-02 6.564867837236203485e-01 0.000000000000000000e+00 0.000000000000000000e+00 0.000000000000000000e+00 0.000000000000000000e+00 1.000000000000000000e+00
7.857438472834279430e-01 5.616827898890965898e-01 2.590734451823228923e-01 1.384685325407684076e+00 -2.746179534094190799e-01 -5.852370180508881248e-02 9.597707830478332536e-01 1.421085471520200372e-14 5.542486681278171456e-01 -8.252802068809295122e-01 1.082635396110378512e-01 -8.881784197001252323e-15 0.000000000000000000e+00 0.000000000000000000e+00 0.000000000000000000e+00 1.000000000000000000e+00
6.657649485946648404e-01 1.906282860865011752e-01 -7.213999513213639192e-01 1.384685325407673417e+00 6.897487311672344523e-01 2.115469017891429271e-01 6.924554831876232885e-01 1.776356839400250465e-15 2.846115266041298608e-01 -9.585972902565175202e-01 9.354893742260617095e-03 0.000000000000000000e+00 0.000000000000000000e+00 0.000000000000000000e+00 0.000000000000000000e+00 1.000000000000000000e+00
7.783266499432035523e-01 -5.520676881162175365e-01 -2.990466413892732822e-01 1.384685325407687628e+00 3.088186843634810885e-01 -7.808386437061742846e-02 9.479102965539301096e-01 7.105427357601001859e-15 -5.466613633468150324e-01 -8.301350359206420837e-01 1.097140645534367964e-01 3.552713678800500929e-15 0.000000000000000000e+00 0.000000000000000000e+00 0.000000000000000000e+00 1.000000000000000000e+00
4.399118163374841073e-01 3.792288847805105334e-01 8.140411824931130802e-01 1.384685325407680523e+00 -8.944551875473432112e-01 2.659498935741293479e-01 3.594726298030995748e-01 0.000000000000000000e+00 -8.017176133965508988e-02 -8.862596160584320648e-01 4.561977439966772296e-01 0.000000000000000000e+00 0.000000000000000000e+00 0.000000000000000000e+00 0.000000000000000000e+00 1.000000000000000000e+00
6.740064461650346894e-01 5.413550696291301589e-01 -5.026430135939619070e-01 1.384685325407686740e+00 -6.351008394253846445e-01 7.711297583736098638e-02 -7.685704344552151124e-01 7.105427357601001859e-15 -3.773092024973043745e-01 8.372504270195064713e-01 3.957897019459979404e-01 0.000000000000000000e+00 0.000000000000000000e+00 0.000000000000000000e+00 0.000000000000000000e+00 1.000000000000000000e+00
9.578384887912017032e-02 8.924446360795984523e-01 4.408718927609863725e-01 1.384685325407680523e+00 -5.116037869232248347e-01 -3.357934356980738499e-01 7.908883193902276343e-01 7.105427357601001859e-15 8.538659259507415111e-01 -3.013060571492653383e-01 4.244144677381371800e-01 -1.421085471520200372e-14 0.000000000000000000e+00 0.000000000000000000e+00 0.000000000000000000e+00 1.000000000000000000e+00
3.499851099445683289e-02 -9.559700365971581792e-01 2.913698566368845833e-01 1.384685325407682299e+00 3.028973777076637147e-02 -2.903998689774922592e-01 -9.564258716093125834e-01 1.243449787580175325e-14 9.989282436761656170e-01 4.229899793473828468e-02 1.879251871804044072e-02 2.131628207280300558e-14 0.000000000000000000e+00 0.000000000000000000e+00 0.000000000000000000e+00 1.000000000000000000e+00
8.946738677281107499e-01 2.153102909002637122e-01 -3.914079062012759680e-01 1.384685325407680523e+00 -4.454129155437125953e-01 3.629792945476968402e-01 -8.184457015566187765e-01 0.000000000000000000e+00 -3.414681641489580866e-02 9.065801180050775399e-01 4.206500737746603491e-01 -1.776356839400250465e-15 0.000000000000000000e+00 0.000000000000000000e+00 0.000000000000000000e+00 1.000000000000000000e+00
3.875633759839475223e-01 9.218243372025514137e-01 -5.875452067879259263e-03 1.384685325407682299e+00 -3.489353970299803875e-01 1.407978857506333448e-01 -9.265096027930208589e-01 4.440892098500626162e-15 -8.532518492774892049e-01 3.611313427400454357e-01 3.762252450265884951e-01 0.000000000000000000e+00 0.000000000000000000e+00 0.000000000000000000e+00 0.000000000000000000e+00 1.000000000000000000e+00
1.445993494214370401e-02 -7.247857760263285432e-01 -6.888225382138577491e-01 1.384685325407680523e+00 5.514107583328873297e-01 -5.688927428304924039e-01 6.101698310712754258e-01 2.131628207280300558e-14 -8.341085576087915454e-01 -3.886471742142368346e-01 3.914285223371817279e-01 7.105427357601001859e-15 0.000000000000000000e+00 0.000000000000000000e+00 0.000000000000000000e+00 1.000000000000000000e+00
3.682135847606663459e-01 8.483703612603258337e-01 3.803767686553997662e-01 1.384685325407679635e+00 -1.693365160512628476e-01 4.634725265969819041e-01 -8.697806398290490737e-01 7.105427357601001859e-15 -9.141902976565217109e-01 2.558533705559374871e-01 3.143169617533329019e-01 7.105427357601001859e-15 0.000000000000000000e+00 0.000000000000000000e+00 0.000000000000000000e+00 1.000000000000000000e+00
5.161925452884719157e-02 9.982227130547620675e-01 -2.978032409958253357e-02 1.384685325407684076e+00 -4.033159076403654009e-01 -6.442715986550329177e-03 -9.150381249188170862e-01 0.000000000000000000e+00 -9.136037057751649204e-01 5.924446431783070288e-02 4.022665313465427772e-01 0.000000000000000000e+00 0.000000000000000000e+00 0.000000000000000000e+00 0.000000000000000000e+00 1.000000000000000000e+00
6.572826606553342499e-01 -7.517801787170986794e-01 5.297232192316914112e-02 1.384685325407673417e+00 1.702393333660443542e-01 7.963367772543061829e-02 -9.821797425863592057e-01 1.065814103640150279e-14 7.341648816014897383e-01 6.545876872199853924e-01 1.803243920357451291e-01 -1.421085471520200372e-14 0.000000000000000000e+00 0.000000000000000000e+00 0.000000000000000000e+00 1.000000000000000000e+00
6.377631760843660569e-01 7.569868784947345608e-01 1.422286786044910378e-01 1.384685325407701839e+00 -3.403682551684730773e-01 1.113342781722372887e-01 9.336777438588946820e-01 0.000000000000000000e+00 6.909468735759290992e-01 -6.438754105342621159e-01 3.286592058728680099e-01 8.881784197001252323e-16 0.000000000000000000e+00 0.000000000000000000e+00 0.000000000000000000e+00 1.000000000000000000e+00
1.053226604901895680e-01 7.116323084525867371e-01 -6.946125500980464551e-01 1.384685325407680523e+00 1.186430555944867002e-02 6.975485919730659568e-01 7.164392508021772965e-01 7.105427357601001859e-15 9.943673242021081604e-01 -8.369838351387458297e-02 6.502465037433169393e-02 -1.776356839400250465e-15 0.000000000000000000e+00 0.000000000000000000e+00 0.000000000000000000e+00 1.000000000000000000e+00
2.988000586757372234e-01 7.667727407859324940e-01 -5.681356254654387206e-01 1.384685325407687628e+00 -7.363331992886669175e-01 5.639500084927351331e-01 3.738633541099748436e-01 0.000000000000000000e+00 6.070683195165865742e-01 3.066267305840658652e-01 7.331085209780570100e-01 7.105427357601001859e-15 0.000000000000000000e+00 0.000000000000000000e+00 0.000000000000000000e+00 1.000000000000000000e+00
1.230868321288252076e-01 2.083644936934241909e-01 -9.702751514515731701e-01 1.384685325407708945e+00 -9.632814654870482940e-01 -2.100013020620687954e-01 -1.672969556846757300e-01 8.437694987151189707e-15 -2.386177906309902008e-01 9.552401221159623201e-01 1.748652598267198544e-01 -7.105427357601001859e-15 0.000000000000000000e+00 0.000000000000000000e+00 0.000000000000000000e+00 1.000000000000000000e+00
4.717166172937070634e-02 -5.264652555640984000e-01 -8.488870178142190470e-01 1.384685325407694734e+00 3.281339681399021990e-01 -7.945036644757581534e-01 5.109716490054546645e-01 0.000000000000000000e+00 -9.434526661589607288e-01 -3.026520474380116066e-01 1.352730752926394331e-01 -2.842170943040400743e-14 0.000000000000000000e+00 0.000000000000000000e+00 0.000000000000000000e+00 1.000000000000000000e+00
5.745658908135771181e-01 8.118568315312661987e-01 1.037425766482302225e-01 1.384685325407701839e+00 -7.093065158395318592e-01 4.306816648039986095e-01 5.580300800039725839e-01 1.332267629550187849e-14 4.083605070292479766e-01 -3.942103356048260454e-01 8.233103349291480688e-01 0.000000000000000000e+00 0.000000000000000000e+00 0.000000000000000000e+00 0.000000000000000000e+00 1.000000000000000000e+00
6.945709157601951400e-01 -1.245338316684469898e-01 7.085637358417511411e-01 1.384685325407669865e+00 1.033252676917087304e-01 9.919609243926812425e-01 7.305760422060193771e-02 7.105427357601001859e-15 -7.119656817828234896e-01 2.246885061573674139e-02 7.018546991475707042e-01 -7.105427357601001859e-15 0.000000000000000000e+00 0.000000000000000000e+00 0.000000000000000000e+00 1.000000000000000000e+00
6.838448721669321273e-02 -9.799948101707252057e-01 -1.869056819536374092e-01 1.384685325407680523e+00 8.903166472891439476e-01 1.444822593964171231e-01 -4.318114684437232009e-01 0.000000000000000000e+00 4.501775532697382953e-01 -1.368760342724421042e-01 8.823860389726942977e-01 -7.105427357601001859e-15 0.000000000000000000e+00 0.000000000000000000e+00 0.000000000000000000e+00 1.000000000000000000e+00
4.287394811724218879e-01 9.325054157574441671e-02 -8.986026896130641095e-01 1.384685325407676526e+00 -8.714390151818455221e-01 3.050270495439244556e-01 -3.841256849852969224e-01 7.105427357601001859e-15 2.382781989668751876e-01 9.477672897617634984e-01 2.120392990809571998e-01 7.105427357601001859e-15 0.000000000000000000e+00 0.000000000000000000e+00 0.000000000000000000e+00 1.000000000000000000e+00
1.741692068188294140e-01 -2.030057172335258953e-01 -9.635630577012599396e-01 1.384685325407676970e+00 9.527738329064122658e-01 -2.124642718817428833e-01 2.169814658043053290e-01 1.421085471520200372e-14 -2.487712015586286962e-01 -9.558491575265747331e-01 1.564138015995184539e-01 -4.413136522884997248e-15 0.000000000000000000e+00 0.000000000000000000e+00 0.000000000000000000e+00 1.000000000000000000e+00
7.849138559805353133e-01 -2.121528738499512401e-01 -5.821523828062324935e-01 1.384685325407680523e+00 -4.756615921951617421e-01 3.957726521966895561e-01 -7.855635286108704207e-01 7.105427357601001859e-15 3.970595527123496615e-01 8.935072276654536516e-01 2.097344647630997594e-01 1.065814103640150279e-14 0.000000000000000000e+00 0.000000000000000000e+00 0.000000000000000000e+00 1.000000000000000000e+00
2.707007492293014295e-01 -6.149413580750273667e-01 -7.406539208669159491e-01 1.384685325407673417e+00 -7.998206184695154375e-02 7.523527123615905143e-01 -6.538870437505763800e-01 -1.421085471520200372e-14 9.593351729971153485e-01 2.362467403605789384e-01 1.544781651871744987e-01 1.421085471520200372e-14 0.000000000000000000e+00 0.000000000000000000e+00 0.000000000000000000e+00 1.000000000000000000e+00
4.487927791233818908e-01 -1.523160048091879715e-01 -8.805594108779253304e-01 1.384685325407659207e+00 2.769001422036322935e-01 9.605726647256566109e-01 -2.502932339196275308e-02 3.552713678800500929e-15 8.496536662984039978e-01 -2.325940464861873669e-01 4.732743991437332598e-01 1.421085471520200372e-14 0.000000000000000000e+00 0.000000000000000000e+00 0.000000000000000000e+00 1.000000000000000000e+00
8.548574783849780534e-01 4.865969489073619925e-01 -1.801169091543682876e-01 1.384685325407684076e+00 -3.937573158381808131e-02 4.069763656949697550e-01 9.125896063006380121e-01 0.000000000000000000e+00 5.173666431183169268e-01 -7.730418145739339497e-01 3.670669005899657167e-01 1.776356839400250465e-15 0.000000000000000000e+00 0.000000000000000000e+00 0.000000000000000000e+00 1.000000000000000000e+00
9.841730696221020480e-01 1.457260073370927889e-01 1.008330293911603170e-01 1.384685325407687628e+00 9.582725155393892469e-02 4.098965181637592714e-02 -9.945536618521850780e-01 7.105427357601001859e-15 -1.490654449905380596e-01 9.884754823613794983e-01 2.637638868782110624e-02 7.105427357601001859e-15 0.000000000000000000e+00 0.000000000000000000e+00 0.000000000000000000e+00 1.000000000000000000e+00
2.225518956913197233e-02 9.704645521670381969e-01 2.402150276824323583e-01 1.384685325407680523e+00 -4.550289384618634303e-01 -2.041124961828628681e-01 8.667679932163336876e-01 2.131628207280300558e-14 8.901985012903084193e-01 -1.285948750504098959e-01 4.370468926914570229e-01 -5.329070518200751394e-15 0.000000000000000000e+00 0.000000000000000000e+00 0.000000000000000000e+00 1.000000000000000000e+00
4.843609715859154008e-01 2.950769521374807525e-01 8.236042991155420046e-01 1.384685325407684076e+00 6.791816857289644238e-01 4.665732141947961376e-01 -5.665877456901968756e-01 7.105427357601001859e-15 -5.514586901797001728e-01 8.338099472380933186e-01 2.557899357085569036e-02 7.105427357601001859e-15 0.000000000000000000e+00 0.000000000000000000e+00 0.000000000000000000e+00 1.000000000000000000e+00
6.696639821587559993e-01 -7.125949321402210712e-01 2.091855962712325934e-01 1.384685325407680523e+00 3.450498924387680466e-01 5.479581320935027478e-01 7.620252339657749285e-01 7.105427357601001859e-15 -6.576402684806276211e-01 -4.381213851898501099e-01 6.128286294814031532e-01 0.000000000000000000e+00 0.000000000000000000e+00 0.000000000000000000e+00 0.000000000000000000e+00 1.000000000000000000e+00
2.239096249421129725e-01 9.521528212044361172e-01 -2.080131845117402234e-01 1.384685325407687628e+00 -1.620156902881617067e-01 2.468268028823603633e-01 9.554200361512850126e-01 -8.881784197001252323e-16 9.610491121471017584e-01 -1.802263422791058889e-01 2.095305934463075337e-01 0.000000000000000000e+00 0.000000000000000000e+00 0.000000000000000000e+00 0.000000000000000000e+00 1.000000000000000000e+00
