8.359213159977270102e-01 5.423064747589575463e-01 8.449402875434645910e-02 5.808510297985414184e+00 -5.395571652122118644e-01 8.401807468839738169e-01 -5.453785871896375814e-02 0.000000000000000000e+00 -1.005664900888460778e-01 -3.469446951953613418e-18 9.949303398083757521e-01 -8.881784197001252323e-16 0.000000000000000000e+00 0.000000000000000000e+00 0.000000000000000000e+00 1.000000000000000000e+00 9.933530792677675025e-01 -4.620459816419456934e-04 -1.151062397212039012e-01 1.139999999999998082e+01 4.643506679143509812e-04 9.999998921661592544e-01 -6.791690762215347825e-06 2.842170943040400743e-14 1.151062304469294140e-01 -4.670311236356936642e-05 9.933531867020499728e-01 -2.664535259100375697e-15 0.000000000000000000e+00 0.000000000000000000e+00 0.000000000000000000e+00 1.000000000000000000e+00
9.156588766965850779e-01 1.765682633999281215e-01 -3.610989751947265014e-01 5.808510297985406190e+00 6.958499672508573763e-02 8.151588305101081788e-01 5.750426151792251694e-01 0.000000000000000000e+00 3.958872942612806645e-01 -5.516699460740328576e-01 7.341209170437494880e-01 -1.332267629550187849e-14 0.000000000000000000e+00 0.000000000000000000e+00 0.000000000000000000e+00 1.000000000000000000e+00 -4.120465332923561874e-02 -9.082734190376448025e-01 4.163430950714619994e-01 1.139999999999996838e+01 5.653797417070874909e-01 -3.647625076024882951e-01 -7.397932553861056304e-01 -4.973799150320701301e-14 8.238009008317753734e-01 2.049090269295414657e-01 5.285493037281800977e-01 -1.421085471520200372e-14 0.000000000000000000e+00 0.000000000000000000e+00 0.000000000000000000e+00 1.000000000000000000e+00
2.484588148774885541e-01 8.418156627449383533e-01 -4.791811841746025369e-01 5.808510297985419513e+00 -8.505666296335890886e-01 4.263042801350416244e-01 3.078978228118883775e-01 0.000000000000000000e+00 4.634701995419241438e-01 3.310755966480229961e-01 8.219393672532814277e-01 6.217248937900876626e-15 0.000000000000000000e+00 0.000000000000000000e+00 0.000000000000000000e+00 1.000000000000000000e+00 9.287144169347464340e-01 -2.748751831134595841e-02 3.697755645180431094e-01 1.139999999999996305e+01 -1.778141961310472918e-01 8.420862048762092211e-01 5.091885065586736481e-01 2.131628207280300558e-14 -3.253792301789151797e-01 -5.386420517321930390e-01 7.771699277982325738e-01 -1.776356839400250465e-15 0.000000000000000000e+00 0.000000000000000000e+00 0.000000000000000000e+00 1.000000000000000000e+00
6.493710175759753733e-01 -6.319446384976109554e-01 4.230404890864067902e-01 5.808510297985390203e+00 -4.538690026804426819e-02 5.230893265778104873e-01 8.510684964821759735e-01 0.000000000000000000e+00 -7.591161378974901064e-01 -5.718597120749954188e-01 3.109970400005480640e-01 -1.421085471520200372e-14 0.000000000000000000e+00 0.000000000000000000e+00 0.000000000000000000e+00 1.000000000000000000e+00 9.781508687526604406e-01 8.362524489635406177e-02 1.903357464441202962e-01 1.139999999999997549e+01 -2.071978716590043290e-01 3.171508907442964764e-01 9.254643993585480732e-01 7.105427357601001859e-15 1.702703551398249485e-02 -9.446809677960725793e-01 3.275483920667012772e-01 -2.131628207280300558e-14 0.000000000000000000e+00 0.000000000000000000e+00 0.000000000000000000e+00 1.000000000000000000e+00
7.575976377115820615e-01 5.596746743167172466e-01 -3.358721159344834617e-01 5.808510297985414184e+00 -6.301949854479541591e-01 7.612003026134318562e-01 -1.530633189809779415e-01 0.000000000000000000e+00 1.700002930882278107e-01 3.276253320939886415e-01 9.293877243218894302e-01 6.217248937900876626e-15 0.000000000000000000e+00 0.000000000000000000e+00 0.000000000000000000e+00 1.000000000000000000e+00 9.986365162876560397e-01 4.829346836115353675e-02 1.982042508384390320e-02 1.139999999999997016e+01 -5.172959690671755789e-02 8.644904475106911512e-01 4.999803145791176240e-01 7.105427357601001859e-15 7.011215352741865560e-03 -5.003239021638034023e-01 8.658099305175832594e-01 -2.131628207280300558e-14 0.000000000000000000e+00 0.000000000000000000e+00 0.000000000000000000e+00 1.000000000000000000e+00
5.811030664520343558e-01 4.070932735762252674e-01 7.046944676730725332e-01 5.808510297985412407e+00 3.751932341347161692e-01 6.343798156546612832e-01 -6.758641036106962652e-01 0.000000000000000000e+00 -7.221836769268429324e-01 6.571432995161332613e-01 2.159014142646471512e-01 1.154631945610162802e-14 0.000000000000000000e+00 0.000000000000000000e+00 0.000000000000000000e+00 1.000000000000000000e+00 7.605239491081182690e-01 -1.086166136797580561e-01 6.401607251821486155e-01 1.139999999999998437e+01 5.422908757862934248e-01 6.484787065518955451e-01 -5.342246467430302737e-01 0.000000000000000000e+00 -3.571049269779502100e-01 7.534439583549148445e-01 5.520853853767095920e-01 3.552713678800500929e-14 0.000000000000000000e+00 0.000000000000000000e+00 0.000000000000000000e+00 1.000000000000000000e+00
4.578311118662510282e-01 -6.060422355412002915e-01 6.504640510801015241e-01 5.808510297985391091e+00 5.634798335772861488e-01 -3.681147792492829307e-01 -7.395823053926899870e-01 -2.842170943040400743e-14 6.876635442998463299e-01 7.051271644451633236e-01 1.729581793454630922e-01 1.243449787580175325e-14 0.000000000000000000e+00 0.000000000000000000e+00 0.000000000000000000e+00 1.000000000000000000e+00 1.857477675617849044e-01 -9.632787079294201638e-01 -1.938863009488807632e-01 1.139999999999997726e+01 1.306649861035772409e-01 -1.713527933952798676e-01 9.765064677728390041e-01 -4.263256414560601115e-14 -9.738708478296109750e-01 -2.067180472176084471e-01 9.403840014682041115e-02 7.105427357601001859e-15 0.000000000000000000e+00 0.000000000000000000e+00 0.000000000000000000e+00 1.000000000000000000e+00
3.543758402907106753e-01 7.938726613523172659e-01 4.941497357842475902e-01 5.808510297985420401e+00 1.673173994166276407e-02 5.229763774415007171e-01 -8.521829366495726754e-01 0.000000000000000000e+00 -9.349533746111499122e-01 3.102610291279810917e-01 1.720473222914810085e-01 4.440892098500626162e-15 0.000000000000000000e+00 0.000000000000000000e+00 0.000000000000000000e+00 1.000000000000000000e+00 9.085576651545927973e-01 3.712830909490479891e-01 1.914989176579223740e-01 1.139999999999999503e+01 -4.155902678222323510e-01 8.499391470596064924e-01 3.238644401397499650e-01 2.842170943040400743e-14 -4.251703635344305371e-02 -3.738346060370942303e-01 9.265203661813433689e-01 -1.421085471520200372e-14 0.000000000000000000e+00 0.000000000000000000e+00 0.000000000000000000e+00 1.000000000000000000e+00
6.589674187179781484e-01 4.656040683889910436e-01 -5.907408844559386418e-01 5.808510297985411519e+00 -1.410136739122392069e-01 8.479282512137152894e-01 5.110115698919381888e-01 0.000000000000000000e+00 7.388349510126991371e-01 -2.534374326994145998e-01 6.244136312323682603e-01 -7.105427357601001859e-15 0.000000000000000000e+00 0.000000000000000000e+00 0.000000000000000000e+00 1.000000000000000000e+00 9.989986484229465002e-01 2.814331564221983495e-02 -3.478008386689895176e-02 1.139999999999997726e+01 -4.473361226319025330e-02 6.418194466733351256e-01 -7.655499342340905677e-01 7.105427357601001859e-15 7.774207436746260243e-04 7.663391883863150955e-01 6.424357119279647810e-01 3.907985046680551022e-14 0.000000000000000000e+00 0.000000000000000000e+00 0.000000000000000000e+00 1.000000000000000000e+00
5.710249627210424173e-01 -8.208707202576872586e-01 -1.008724804185936498e-02 5.808510297985384874e+00 8.163509427565796006e-01 5.664987251883146779e-01 1.124736974605982098e-01 0.000000000000000000e+00 -8.661195188815477841e-02 -7.246002334832725433e-02 9.936034997958108628e-01 -2.664535259100375697e-15 0.000000000000000000e+00 0.000000000000000000e+00 0.000000000000000000e+00 1.000000000000000000e+00 7.252969926597587769e-01 6.868983087420791334e-01 -4.598897570050036743e-02 1.140000000000001279e+01 -6.839896999080247175e-01 7.265829502684471031e-01 6.507923477523132327e-02 7.105427357601001859e-15 7.811762194562857364e-02 -1.574578757861098965e-02 9.968197968113841068e-01 -1.776356839400250465e-15 0.000000000000000000e+00 0.000000000000000000e+00 0.000000000000000000e+00 1.000000000000000000e+00
3.949552762296444364e-01 -8.935046255525049830e-01 -2.136815712564914538e-01 5.808510297985383097e+00 5.000225750353232135e-01 1.394470901546274177e-02 8.659000921269836004e-01 -1.421085471520200372e-14 -7.707060102486613662e-01 -4.488374195705522318e-01 4.522800200758798628e-01 -1.154631945610162802e-14 0.000000000000000000e+00 0.000000000000000000e+00 0.000000000000000000e+00 1.000000000000000000e+00 3.439125954742970892e-01 8.069451207389111147e-01 4.801704892949966719e-01 1.140000000000001990e+01 -7.786820369717586399e-01 -4.069070236851168865e-02 6.260978773628528282e-01 -3.552713678800500929e-15 5.247651017089886016e-01 -5.892230807227608613e-01 6.143596252781702294e-01 -3.552713678800500929e-14 0.000000000000000000e+00 0.000000000000000000e+00 0.000000000000000000e+00 1.000000000000000000e+00
7.079874194314840219e-01 3.259357798297301545e-01 -6.265139115403054459e-01 5.808510297985408855e+00 -7.011296299177536273e-01 4.307657882469005939e-01 -5.682060169757269241e-01 0.000000000000000000e+00 8.468208770538017405e-02 8.415501786006656104e-01 5.334999914892654127e-01 1.598721155460225418e-14 0.000000000000000000e+00 0.000000000000000000e+00 0.000000000000000000e+00 1.000000000000000000e+00 3.216463257765295181e-01 -5.283413968122316895e-01 7.857474209496068118e-01 1.139999999999997016e+01 8.746309782659450471e-01 -1.521071518334817796e-01 -4.603086640708188293e-01 -5.329070518200751394e-14 3.627179248010973800e-01 8.352956259765795810e-01 4.131790462407060049e-01 2.842170943040400743e-14 0.000000000000000000e+00 0.000000000000000000e+00 0.000000000000000000e+00 1.000000000000000000e+00
5.044255957845281690e-01 2.467461879964367166e-01 -8.274485706233655202e-01 5.808510297985406190e+00 -5.361191082399636709e-01 8.407025764613618168e-01 -7.612804812428890233e-02 0.000000000000000000e+00 6.768538395380570005e-01 4.820119258280390340e-01 5.563572442793704997e-01 8.881784197001252323e-15 0.000000000000000000e+00 0.000000000000000000e+00 0.000000000000000000e+00 1.000000000000000000e+00 4.473231847109726544e-01 -4.143072630078794005e-01 7.926231514654065169e-01 1.139999999999997371e+01 7.961075239528414560e-01 5.883131625598088110e-01 -1.417759960802665309e-01 -2.131628207280300558e-14 -4.075718080605046367e-01 6.944329446230181890e-01 5.929992467925194743e-01 3.730349362740525976e-14 0.000000000000000000e+00 0.000000000000000000e+00 0.000000000000000000e+00 1.000000000000000000e+00
-6.466916563532487672e-02 -2.664740100436616133e-01 9.616701622631750324e-01 5.808510297985399085e+00 7.272831303046776996e-02 9.598660485102251672e-01 2.708648397284304510e-01 0.000000000000000000e+00 -9.952529786440095227e-01 8.745725177832053276e-02 -4.269353126189301406e-02 -8.881784197001252323e-16 0.000000000000000000e+00 0.000000000000000000e+00 0.000000000000000000e+00 1.000000000000000000e+00 8.669830174914021637e-01 6.334058086726680747e-02 4.942958812259113377e-01 1.139999999999997904e+01 -4.345012416478213207e-02 9.977200775727511628e-01 -5.164042523341906554e-02 7.105427357601001859e-15 -4.964398594911250684e-01 2.329415428000257068e-02 8.677585195691318587e-01 1.065814103640150279e-14 0.000000000000000000e+00 0.000000000000000000e+00 0.000000000000000000e+00 1.000000000000000000e+00
5.738328549293025826e-01 6.983455256185795434e-01 4.278193327237512777e-01 5.808510297985418624e+00 -3.805673401917983867e-01 -2.351806726583522966e-01 8.943481149906363781e-01 -1.421085471520200372e-14 7.251788428953410692e-01 -6.760203976630251299e-01 1.308131024037703094e-01 -1.687538997430237941e-14 0.000000000000000000e+00 0.000000000000000000e+00 0.000000000000000000e+00 1.000000000000000000e+00 -1.007513452991939396e-01 -8.462195419536771013e-01 5.232223745560885542e-01 1.139999999999997549e+01 4.309722993453535822e-01 -5.111175101035547730e-01 -7.436543337213344929e-01 -4.796163466380676255e-14 8.967229469671120778e-01 1.505701752713731467e-01 4.161929584956552963e-01 -2.842170943040400743e-14 0.000000000000000000e+00 0.000000000000000000e+00 0.000000000000000000e+00 1.000000000000000000e+00
-3.022243065874405943e-01 9.520343448291441746e-01 4.786517286590735720e-02 5.808510297985423065e+00 -7.548949789812453570e-01 -2.083770097909314334e-01 -6.218621973552465043e-01 -1.421085471520200372e-14 -5.820601680381900511e-01 -2.240750500531742406e-01 7.816625440220488219e-01 -6.217248937900876626e-15 0.000000000000000000e+00 0.000000000000000000e+00 0.000000000000000000e+00 1.000000000000000000e+00 5.615742134278891573e-01 -7.853393491126016146e-01 -2.605312064767726921e-01 1.139999999999994884e+01 2.630387106155573362e-01 -1.290915705466579855e-01 9.561098279651256693e-01 -3.375077994860475883e-14 -7.845030525947955802e-01 -6.054564172169557557e-01 1.340801525963293273e-01 7.105427357601001859e-15 0.000000000000000000e+00 0.000000000000000000e+00 0.000000000000000000e+00 1.000000000000000000e+00
1.915270329656822978e-01 5.265469863928574634e-01 -8.282908105031483448e-01 5.808510297985412407e+00 -6.255771624585491908e-02 8.487470181188577767e-01 5.250857371634183313e-01 0.000000000000000000e+00 9.794916680510690199e-01 -4.875213179900249327e-02 1.954975750836493997e-01 -3.552713678800500929e-15 0.000000000000000000e+00 0.000000000000000000e+00 0.000000000000000000e+00 1.000000000000000000e+00 2.501255978931049562e-01 -4.546924167790151738e-01 -8.548052359469234807e-01 1.139999999999997726e+01 9.648272788905024600e-01 4.328032362348444018e-02 2.592973881391702484e-01 -2.842170943040400743e-14 -8.090430883065359569e-02 -8.895963240204542988e-01 4.495251640363743251e-01 -2.131628207280300558e-14 0.000000000000000000e+00 0.000000000000000000e+00 0.000000000000000000e+00 1.000000000000000000e+00
4.743490623188955091e-01 3.840553095372482503e-03 -8.803284712135043266e-01 5.808510297985400861e+00 -3.152184985440225629e-01 9.344284567602476610e-01 -1.657732106593644283e-01 0.000000000000000000e+00 8.219673139808154616e-01 3.561301859553379634e-01 4.444558756486179929e-01 5.329070518200751394e-15 0.000000000000000000e+00 0.000000000000000000e+00 0.000000000000000000e+00 1.000000000000000000e+00 8.155586016388356452e-01 4.519401448691157119e-01 -3.614059666754131372e-01 1.139999999999999325e+01 -2.229662685138197320e-01 8.217378268782833395e-01 5.244358749955801979e-01 2.842170943040400743e-14 5.339945789967631695e-01 -3.471268490523878869e-01 7.709427606956501533e-01 -2.842170943040400743e-14 0.000000000000000000e+00 0.000000000000000000e+00 0.000000000000000000e+00 1.000000000000000000e+00
3.359970483988596879e-01 3.671621817066702542e-01 -8.673510914224138446e-01 5.808510297985408855e+00 -4.699124934807441534e-01 8.634358587611854485e-01 1.834687065306881137e-01 0.000000000000000000e+00 8.162648050344716300e-01 3.459341702256835127e-01 4.626459963431044375e-01 5.329070518200751394e-15 0.000000000000000000e+00 0.000000000000000000e+00 0.000000000000000000e+00 1.000000000000000000e+00 -2.397293755478546728e-02 9.069159788792833243e-01 4.206289404194933912e-01 1.140000000000003411e+01 -4.139497734481409896e-01 -3.919907484076083914e-01 8.215770433897700009e-01 -1.421085471520200372e-14 9.099840016875171411e-01 -1.544236394347527908e-01 3.848148337272074837e-01 -2.842170943040400743e-14 0.000000000000000000e+00 0.000000000000000000e+00 0.000000000000000000e+00 1.000000000000000000e+00
-3.212087035888919750e-01 4.604134174472664376e-01 -8.275532936151438479e-01 5.808510297985410631e+00 -3.632825969635871677e-01 -8.669119915776564156e-01 -3.413053670867973177e-01 -2.842170943040400743e-14 -8.745574443580793611e-01 1.910054551403984058e-01 4.457198589074465866e-01 1.776356839400250465e-15 0.000000000000000000e+00 0.000000000000000000e+00 0.000000000000000000e+00 1.000000000000000000e+00 8.582079508301931892e-01 4.542543885348341304e-01 -2.390231445460557769e-01 1.139999999999999325e+01 -3.669610061447883265e-01 2.173577832005390009e-01 -9.044861602320690697e-01 0.000000000000000000e+00 -3.589132668222858591e-01 8.639493877415456158e-01 3.532318251799563269e-01 3.197442310920450836e-14 0.000000000000000000e+00 0.000000000000000000e+00 0.000000000000000000e+00 1.000000000000000000e+00
3.535546836566948459e-01 1.851943407254260932e-01 -9.168981087491068216e-01 5.808510297985405302e+00 -2.422481050736458724e-02 9.816898120219269552e-01 1.889398622002144701e-01 0.000000000000000000e+00 9.351001252380926054e-01 -4.458889027132825061e-02 3.515673287495223454e-01 -2.664535259100375697e-15 0.000000000000000000e+00 0.000000000000000000e+00 0.000000000000000000e+00 1.000000000000000000e+00 3.817040112138134766e-01 -2.201090519387624289e-01 -8.976937412491547974e-01 1.139999999999998437e+01 1.158425395173685868e-01 9.749651113227253418e-01 -1.897986768700791749e-01 4.263256414560601115e-14 9.169964851958005703e-01 -3.154420641076598197e-02 3.976460853327530298e-01 -2.309263891220325604e-14 0.000000000000000000e+00 0.000000000000000000e+00 0.000000000000000000e+00 1.000000000000000000e+00
2.225871886616470618e-01 -9.588693995572772355e-01 1.761374975306818080e-01 5.808510297985382209e+00 4.126889696060960233e-01 2.563569295501486600e-01 8.740531671683815507e-01 -1.421085471520200372e-14 -8.832569036294950493e-01 -1.218630348558853993e-01 4.527765927326081741e-01 -4.440892098500626162e-15 0.000000000000000000e+00 0.000000000000000000e+00 0.000000000000000000e+00 1.000000000000000000e+00 8.110179364261624890e-01 -9.169062425590857046e-02 -5.777912566131567784e-01 1.139999999999998437e+01 5.848338134363357810e-01 1.520718314844751173e-01 7.967707127715414339e-01 -2.486899575160350651e-14 1.480937056603114435e-02 -9.841072032520232771e-01 1.769567603990273019e-01 -2.842170943040400743e-14 0.000000000000000000e+00 0.000000000000000000e+00 0.000000000000000000e+00 1.000000000000000000e+00
1.442217835293992945e-01 9.024681171162967086e-01 -4.058957683250290494e-01 5.808510297985421289e+00 -2.036621680009759183e-01 4.284733512464965477e-01 8.803023961098475070e-01 0.000000000000000000e+00 9.683603660212151132e-01 -4.429316945266881939e-02 2.455938041952518969e-01 -3.552713678800500929e-15 0.000000000000000000e+00 0.000000000000000000e+00 0.000000000000000000e+00 1.000000000000000000e+00 -1.093607356822901000e-01 6.486921801412515176e-01 -7.531524977815702293e-01 1.140000000000002522e+01 -1.292220643037594874e-02 7.567052217174148332e-01 6.536285061153381815e-01 1.421085471520200372e-14 9.939181284552560669e-01 8.121368634157649646e-02 -7.437130548009096564e-02 -2.842170943040400743e-14 0.000000000000000000e+00 0.000000000000000000e+00 0.000000000000000000e+00 1.000000000000000000e+00
-8.169460487722401965e-02 3.318037021903175732e-01 9.398043917468960062e-01 5.808510297985411519e+00 5.636708108344318235e-02 9.429852172835315738e-01 -3.280268771836590824e-01 0.000000000000000000e+00 -9.950621808229306309e-01 2.617600423154459177e-02 -9.573961091618965469e-02 -2.664535259100375697e-15 0.000000000000000000e+00 0.000000000000000000e+00 0.000000000000000000e+00 1.000000000000000000e+00 4.496976793264945149e-01 8.672329871636234033e-01 2.137263277736833333e-01 1.140000000000002700e+01 -6.029053810507965794e-02 2.682141428976884123e-01 -9.614708651668328887e-01 1.421085471520200372e-14 -8.911436742879148554e-01 4.194855414968637342e-01 1.729012210822058471e-01 3.197442310920450836e-14 0.000000000000000000e+00 0.000000000000000000e+00 0.000000000000000000e+00 1.000000000000000000e+00
3.012198588459936710e-01 -1.867228829312992389e-01 9.350941993332135826e-01 5.808510297985399973e+00 -4.939334062869144004e-01 8.082723494978467649e-01 3.205083449631794257e-01 0.000000000000000000e+00 -8.156570276719287138e-01 -5.584177415045611381e-01 1.512390134268916109e-01 -1.421085471520200372e-14 0.000000000000000000e+00 0.000000000000000000e+00 0.000000000000000000e+00 1.000000000000000000e+00 3.276818270103807329e-01 7.598198894838004147e-01 -5.615143415728257592e-01 1.140000000000000924e+01 -2.751513225123358719e-01 -4.918181078330299272e-01 -8.260791115427449371e-01 -2.842170943040400743e-14 -9.038342602307413154e-01 4.251925262188452903e-01 4.790559133112892720e-02 2.842170943040400743e-14 0.000000000000000000e+00 0.000000000000000000e+00 0.000000000000000000e+00 1.000000000000000000e+00
9.127016435344064149e-01 1.028849500913021631e-01 -3.954622572816573478e-01 5.808510297985404414e+00 3.647548961439014970e-01 2.311258551188978272e-01 9.019615872278653468e-01 -1.421085471520200372e-14 1.841998252676832759e-01 -9.674686176513783709e-01 1.734211585449897397e-01 -2.309263891220325604e-14 0.000000000000000000e+00 0.000000000000000000e+00 0.000000000000000000e+00 1.000000000000000000e+00 2.030465805234993315e-02 7.402842902770616351e-02 -9.970494032679959595e-01 1.140000000000000568e+01 7.112094321119529772e-01 6.998330358233182391e-01 6.644445533911312596e-02 -1.065814103640150279e-14 7.026868894012258115e-01 -7.104600718309284080e-01 -3.843984648280440730e-02 -2.131628207280300558e-14 0.000000000000000000e+00 0.000000000000000000e+00 0.000000000000000000e+00 1.000000000000000000e+00
7.196130882324154321e-01 -6.211936448226983432e-01 3.102828691315347442e-01 5.808510297985390203e+00 6.884149685608710323e-01 5.798230281251800511e-01 -4.357637973915245433e-01 0.000000000000000000e+00 9.078454882820551075e-02 5.271847035789619662e-01 8.448872433682622640e-01 9.769962616701377556e-15 0.000000000000000000e+00 0.000000000000000000e+00 0.000000000000000000e+00 1.000000000000000000e+00 7.211740688276615519e-01 5.210204770353558112e-01 -4.565584573309376393e-01 1.139999999999999147e+01 -6.810734321456189955e-01 6.537632079485209413e-01 -3.297463388094639680e-01 2.842170943040400743e-14 1.266765269335326793e-01 5.487543443497366891e-01 8.263302772386769135e-01 3.552713678800500929e-15 0.000000000000000000e+00 0.000000000000000000e+00 0.000000000000000000e+00 1.000000000000000000e+00
7.339637247660332209e-01 -1.226072728392694211e-01 6.680304688968068394e-01 5.808510297985400861e+00 6.791788584605075174e-01 1.272063131084004706e-01 -7.228655698853343470e-01 -1.421085471520200372e-14 3.650883160606521738e-03 9.842692774603321038e-01 1.766370869887269324e-01 1.865174681370262988e-14 0.000000000000000000e+00 0.000000000000000000e+00 0.000000000000000000e+00 1.000000000000000000e+00 6.799232350372952371e-02 -1.711624347887966968e-01 -9.828939235043296918e-01 1.139999999999997016e+01 -3.572408080170775269e-01 9.156750012810874750e-01 -1.841692078393838139e-01 1.776356839400250465e-14 9.315342446909129492e-01 3.636519117866032769e-01 1.112664405261476475e-03 -2.842170943040400743e-14 0.000000000000000000e+00 0.000000000000000000e+00 0.000000000000000000e+00 1.000000000000000000e+00
6.101545182756342722e-01 -7.815539274516490886e-01 -1.299419959548535897e-01 5.808510297985385762e+00 7.896739917078000603e-01 6.132083666975733927e-01 1.976071436875977139e-02 0.000000000000000000e+00 6.423745518074402971e-02 -1.146689037926010429e-01 9.913246652105984769e-01 -3.552713678800500929e-15 0.000000000000000000e+00 0.000000000000000000e+00 0.000000000000000000e+00 1.000000000000000000e+00 7.281119000264772989e-01 -4.416447417668660225e-01 5.242165421936924030e-01 1.139999999999998437e+01 -3.818724247440659636e-01 3.737423864751578950e-01 8.452751503338670203e-01 0.000000000000000000e+00 -5.692332670003754647e-01 -8.156387378132133881e-01 1.034743307228771503e-01 -1.598721155460225418e-14 0.000000000000000000e+00 0.000000000000000000e+00 0.000000000000000000e+00 1.000000000000000000e+00
7.811984607023704230e-01 3.271337201741172374e-01 -5.317071507148360965e-01 5.808510297985408855e+00 5.326103623426271805e-02 8.136787257275281959e-01 5.788697550552097670e-01 0.000000000000000000e+00 6.220066133213533188e-01 -4.805314354165275414e-01 6.182210871209683489e-01 -1.154631945610162802e-14 0.000000000000000000e+00 0.000000000000000000e+00 0.000000000000000000e+00 1.000000000000000000e+00 9.584458564213749199e-01 -2.835184446726924934e-01 3.160430095848623666e-02 1.139999999999997016e+01 2.710580475745429929e-01 9.396134107379143785e-01 2.089358112113385568e-01 0.000000000000000000e+00 -8.893298124865682552e-02 -1.916870624007805668e-01 9.774185362240606079e-01 0.000000000000000000e+00 0.000000000000000000e+00 0.000000000000000000e+00 0.000000000000000000e+00 1.000000000000000000e+00
-3.326786457344692582e-01 7.811486598716759211e-01 5.283291491607897683e-01 5.808510297985420401e+00 -9.362195835264550681e-01 -2.063155692677480779e-01 -2.844763211574489747e-01 -1.421085471520200372e-14 -1.132157678675124179e-01 -5.892712932583850094e-01 7.999634571952396467e-01 -1.421085471520200372e-14 0.000000000000000000e+00 0.000000000000000000e+00 0.000000000000000000e+00 1.000000000000000000e+00 5.010955135525880788e-01 2.615788021249996209e-01 -8.249120053534911845e-01 1.139999999999999147e+01 -5.436703134555418426e-01 8.367850413230737416e-01 -6.491059147084179970e-02 1.421085471520200372e-14 6.732947917254527015e-01 4.810065746918559260e-01 5.615218593595330265e-01 -7.105427357601001859e-15 0.000000000000000000e+00 0.000000000000000000e+00 0.000000000000000000e+00 1.000000000000000000e+00
9.216332178312545143e-01 -3.683721660334089432e-01 1.220416284792280176e-01 5.808510297985394644e+00 2.567203353977333680e-01 8.146034429952841993e-01 5.201114304199669913e-01 0.000000000000000000e+00 -2.910101049504684179e-01 -4.480214034530977663e-01 8.453342184394488923e-01 -1.065814103640150279e-14 0.000000000000000000e+00 0.000000000000000000e+00 0.000000000000000000e+00 1.000000000000000000e+00 3.987661326963404251e-01 -8.333971336980486866e-01 3.826679878932667811e-01 1.139999999999997016e+01 6.053359545363593552e-01 -7.424648091478092127e-02 -7.924997427238230641e-01 -2.842170943040400743e-14 6.888787655022901024e-01 5.476647492907024128e-01 4.748782673742742988e-01 1.421085471520200372e-14 0.000000000000000000e+00 0.000000000000000000e+00 0.000000000000000000e+00 1.000000000000000000e+00
7.169267629241460327e-01 -4.990712930435946548e-01 4.867687963118629280e-01 5.808510297985392867e+00 3.393612171288958312e-01 8.597503033856666033e-01 3.816587220764758315e-01 0.000000000000000000e+00 -6.089745322358727231e-01 -1.084309009832928050e-01 7.857434433707044530e-01 -3.552713678800500929e-15 0.000000000000000000e+00 0.000000000000000000e+00 0.000000000000000000e+00 1.000000000000000000e+00 2.769691932071325358e-01 -7.687470292376848979e-01 5.764686210475157280e-01 1.139999999999997726e+01 7.017308132022537226e-01 -2.480075758098123639e-01 -6.678818070163640153e-01 -1.421085471520200372e-14 6.564007402621462317e-01 5.895084794802992745e-01 4.707630197924769222e-01 7.105427357601001859e-15 0.000000000000000000e+00 0.000000000000000000e+00 0.000000000000000000e+00 1.000000000000000000e+00
5.051780893321623500e-01 5.202992341787795461e-01 -6.885374390486558305e-01 5.808510297985412407e+00 -9.577614140711526725e-02 8.266995621784747339e-01 5.544319296641223582e-01 0.000000000000000000e+00 8.576841078135177820e-01 -2.141414037660481495e-01 4.674627582997775699e-01 -6.217248937900876626e-15 0.000000000000000000e+00 0.000000000000000000e+00 0.000000000000000000e+00 1.000000000000000000e+00 5.892626258103313974e-01 -3.758259119152937977e-01 7.152093691753145244e-01 1.139999999999997904e+01 5.140724221956068096e-02 9.008709744381968587e-01 4.310322294935183818e-01 2.842170943040400743e-14 -8.063044420505772747e-01 -2.172242420813374486e-01 5.501697695999805404e-01 1.776356839400250465e-14 0.000000000000000000e+00 0.000000000000000000e+00 0.000000000000000000e+00 1.000000000000000000e+00
-1.886777647413064862e-01 6.962039832194275579e-01 -6.926042988905188880e-01 5.808510297985415960e+00 -7.013710535810728786e-01 3.981182210432374635e-01 5.912533528631729318e-01 0.000000000000000000e+00 6.873713307163747954e-01 5.973289678416500159e-01 4.131812651687261084e-01 1.065814103640150279e-14 0.000000000000000000e+00 0.000000000000000000e+00 0.000000000000000000e+00 1.000000000000000000e+00 -9.886548763003299989e-02 -8.430528704564754783e-01 5.286657478698357782e-01 1.139999999999997016e+01 1.579771336813315386e-01 -5.378281817917427432e-01 -8.281208076750751212e-01 -4.263256414560601115e-14 9.824809619476126965e-01 1.644532056600978009e-03 1.863557214705476861e-01 -2.842170943040400743e-14 0.000000000000000000e+00 0.000000000000000000e+00 0.000000000000000000e+00 1.000000000000000000e+00
6.507804549024220897e-02 1.431562445174226483e-01 -9.875581692492032548e-01 5.808510297985403525e+00 -8.658612873352606876e-01 -4.838442876495210321e-01 -1.271964480756160309e-01 -2.842170943040400743e-14 -4.960333447353062475e-01 8.633660839786304608e-01 9.246580960608752342e-02 1.598721155460225418e-14 0.000000000000000000e+00 0.000000000000000000e+00 0.000000000000000000e+00 1.000000000000000000e+00 2.364379045218619746e-01 -9.608134619432547874e-01 -1.446879699696171917e-01 1.139999999999995595e+01 6.443139516870519667e-01 4.357586964645543404e-02 7.635186148653946292e-01 -3.552713678800500929e-14 -7.272940594881319720e-01 -2.737492190549101201e-01 6.293685058057008064e-01 7.105427357601001859e-15 0.000000000000000000e+00 0.000000000000000000e+00 0.000000000000000000e+00 1.000000000000000000e+00
1.918862292292244920e-02 9.915971376202308285e-01 1.279332381114733630e-01 5.808510297985423954e+00 4.064778578464949693e-02 1.270773009453574076e-01 -9.910595931099441813e-01 -1.421085471520200372e-14 -9.989892663392970773e-01 2.421727168382336454e-02 -3.786778962475545462e-02 -1.776356839400250465e-15 0.000000000000000000e+00 0.000000000000000000e+00 0.000000000000000000e+00 1.000000000000000000e+00 7.283831374930874736e-01 9.498369059262981584e-02 6.785544219420646117e-01 1.139999999999999147e+01 5.425174796334350513e-02 9.792400526822331308e-01 -1.953091576598986467e-01 7.105427357601001859e-15 -6.830188524913846093e-01 1.790726605160621876e-01 7.081089106889216778e-01 1.421085471520200372e-14 0.000000000000000000e+00 0.000000000000000000e+00 0.000000000000000000e+00 1.000000000000000000e+00
9.749636737568311284e-01 8.187870716078793354e-02 2.067406882262445844e-01 5.808510297985404414e+00 -1.100184504644718536e-01 9.855885617674247090e-01 1.284956321071490382e-01 0.000000000000000000e+00 -1.932402013349703851e-01 -1.480238637075021457e-01 9.699212134813440800e-01 -4.440892098500626162e-15 0.000000000000000000e+00 0.000000000000000000e+00 0.000000000000000000e+00 1.000000000000000000e+00 6.457223668487712676e-01 6.346524766872104761e-01 -4.245690271157455675e-01 1.140000000000000568e+01 1.494818025142701789e-01 4.402031965845761841e-01 8.853679102123623856e-01 0.000000000000000000e+00 7.487975799028104840e-01 -6.351672059792686786e-01 1.893800538076374496e-01 -3.819167204710538499e-14 0.000000000000000000e+00 0.000000000000000000e+00 0.000000000000000000e+00 1.000000000000000000e+00
8.980811121491130145e-01 2.501275724037154702e-01 3.617824118505990061e-01 5.808510297985408855e+00 3.140102177148737517e-01 2.113301724036115159e-01 -9.256009622955873040e-01 -1.421085471520200372e-14 -3.079738611825196815e-01 9.448681155353290118e-01 1.112490227959156419e-01 1.776356839400250465e-14 0.000000000000000000e+00 0.000000000000000000e+00 0.000000000000000000e+00 1.000000000000000000e+00 5.356987899522740459e-01 -3.494210672350311353e-01 -7.687208363352726614e-01 1.139999999999998437e+01 4.641563451656821604e-01 8.823464004661457638e-01 -7.761260739642744655e-02 0.000000000000000000e+00 7.053975430111062428e-01 -3.152296739787796565e-01 6.348579045401629983e-01 -1.421085471520200372e-14 0.000000000000000000e+00 0.000000000000000000e+00 0.000000000000000000e+00 1.000000000000000000e+00
9.808785230533013655e-01 -1.935235883237743926e-01 -2.063840534208905356e-02 5.808510297985398196e+00 1.832327861060984719e-01 8.825330028785659531e-01 4.330834156671643509e-01 0.000000000000000000e+00 -6.559778280224748404e-02 -4.285838536301050938e-01 9.011175346751375548e-01 -9.769962616701377556e-15 0.000000000000000000e+00 0.000000000000000000e+00 0.000000000000000000e+00 1.000000000000000000e+00 3.779950659859218076e-01 -1.341971230770478418e-01 -9.160299461524947784e-01 1.139999999999998792e+01 8.651659414420533878e-01 4.034093249216527122e-01 2.979073854991549086e-01 -2.842170943040400743e-14 3.295567081080042482e-01 -9.051254325915829568e-01 2.685895147188653853e-01 -3.907985046680551022e-14 0.000000000000000000e+00 0.000000000000000000e+00 0.000000000000000000e+00 1.000000000000000000e+00
-8.567804905546871908e-02 7.127539772966485776e-01 6.961616477211719500e-01 5.808510297985418624e+00 -6.925544550716650205e-01 -5.449249838496337262e-01 4.726786315636292701e-01 -2.842170943040400743e-14 7.162594492713080241e-01 -4.416316675967481564e-01 5.403090518446620472e-01 -1.154631945610162802e-14 0.000000000000000000e+00 0.000000000000000000e+00 0.000000000000000000e+00 1.000000000000000000e+00 3.954012675409807054e-01 -9.033827883809730785e-01 1.660041423700144014e-01 1.139999999999995595e+01 4.064556578036638834e-01 3.341639268910086003e-01 8.503694892246380643e-01 -2.131628207280300558e-14 -8.236817564243953393e-01 -2.687638510324610319e-01 4.993138857590727619e-01 1.421085471520200372e-14 0.000000000000000000e+00 0.000000000000000000e+00 0.000000000000000000e+00 1.000000000000000000e+00
5.349876834725564301e-02 5.339407120216836666e-02 9.971393859164247031e-01 5.808510297985405302e+00 -2.935968610294091286e-01 9.552736325237377590e-01 -3.540014404745545074e-02 0.000000000000000000e+00 -9.544311211287092034e-01 -2.908631296080005924e-01 6.678229447716621525e-02 -8.881784197001252323e-15 0.000000000000000000e+00 0.000000000000000000e+00 0.000000000000000000e+00 1.000000000000000000e+00 4.095638676273011258e-01 2.201000701382074265e-01 -8.853323655324719654e-01 1.139999999999998970e+01 8.113672531944947364e-02 9.578256559215523325e-01 2.756571142976075306e-01 1.421085471520200372e-14 9.086662039157188397e-01 -1.847321628293357998e-01 3.744325812182921487e-01 -3.108624468950438313e-14 0.000000000000000000e+00 0.000000000000000000e+00 0.000000000000000000e+00 1.000000000000000000e+00
3.314995554349003948e-01 -1.182501890595091254e-01 -9.360154579566800637e-01 5.808510297985398196e+00 -7.811954450620620660e-01 5.218805138325908199e-01 -3.425994832105236365e-01 0.000000000000000000e+00 5.290006818150144730e-01 8.447825886399538131e-01 8.062664925462503795e-02 1.509903313490212895e-14 0.000000000000000000e+00 0.000000000000000000e+00 0.000000000000000000e+00 1.000000000000000000e+00 1.404678381818241784e-01 6.393447952897104436e-01 7.559808325430501519e-01 1.140000000000002700e+01 -9.078784412463514197e-03 7.643509101782614001e-01 -6.447365832518389128e-01 -3.552713678800500929e-15 -9.900436162665344764e-01 8.370136704750852363e-02 1.131711935267158964e-01 2.131628207280300558e-14 0.000000000000000000e+00 0.000000000000000000e+00 0.000000000000000000e+00 1.000000000000000000e+00
3.802000923459102344e-01 8.402000564239368030e-01 3.866674992359390717e-01 5.808510297985421289e+00 -5.425085079253733067e-01 -1.360067779847666802e-01 8.289672340755017688e-01 -1.421085471520200372e-14 7.490877175663385179e-01 -5.249438270209643154e-01 4.041058894198863438e-01 -1.332267629550187849e-14 0.000000000000000000e+00 0.000000000000000000e+00 0.000000000000000000e+00 1.000000000000000000e+00 6.974685809609348919e-01 6.701187182139870524e-01 -2.539261350699900111e-01 1.140000000000000924e+01 -7.024622707759197171e-01 7.094082054014834160e-01 -5.733023849056499699e-02 1.310063169057684718e-14 1.417192178523366541e-01 2.183595695367844536e-01 9.655230508294621039e-01 1.421085471520200372e-14 0.000000000000000000e+00 0.000000000000000000e+00 0.000000000000000000e+00 1.000000000000000000e+00
-1.399890415570321789e-01 9.804638969331473941e-01 -1.381796477583085714e-01 5.808510297985423065e+00 -4.494092476610986320e-01 -1.872676014240926001e-01 -8.734770595576925034e-01 -1.421085471520200372e-14 -8.822892928969663373e-01 -6.017800484839909425e-02 4.668449543176376171e-01 -3.552713678800500929e-15 0.000000000000000000e+00 0.000000000000000000e+00 0.000000000000000000e+00 1.000000000000000000e+00 2.845138877512941589e-01 4.071508121986862072e-01 -8.679170834835515658e-01 1.140000000000000036e+01 -3.282382464386102705e-01 -8.092409123183061936e-01 -4.872256144797207922e-01 -4.352074256530613638e-14 -9.007283171142951295e-01 4.235060353243924602e-01 -9.659780945893259307e-02 4.263256414560601115e-14 0.000000000000000000e+00 0.000000000000000000e+00 0.000000000000000000e+00 1.000000000000000000e+00
8.598235582978670521e-01 2.774349789802020294e-01 -4.286412031457654259e-01 5.808510297985407966e+00 2.797641932053125946e-01 4.462803521339209212e-01 8.500387305878503996e-01 0.000000000000000000e+00 4.271246244319975571e-01 -8.508017863976770068e-01 3.061059873088838312e-01 -2.042810365310288034e-14 0.000000000000000000e+00 0.000000000000000000e+00 0.000000000000000000e+00 1.000000000000000000e+00 7.257696051622652966e-02 -2.316437087763186797e-01 -9.700895716306706662e-01 1.139999999999999503e+01 -1.499453858181674648e-01 9.590652867655231617e-01 -2.402293841169428346e-01 2.842170943040400743e-14 9.860268586981121297e-01 1.628955736222344741e-01 3.487213816524858956e-02 -1.421085471520200372e-14 0.000000000000000000e+00 0.000000000000000000e+00 0.000000000000000000e+00 1.000000000000000000e+00
4.812062867437567615e-01 -6.023862323293492915e-01 -6.368448293723804055e-01 5.808510297985388426e+00 5.465558464431500285e-01 7.741636559885838320e-01 -3.192919361105153730e-01 0.000000000000000000e+00 6.853591878111046087e-01 -1.944259778075989875e-01 7.017701353267050690e-01 -5.329070518200751394e-15 0.000000000000000000e+00 0.000000000000000000e+00 0.000000000000000000e+00 1.000000000000000000e+00 8.663026275492305972e-01 -4.543982886061316839e-01 2.074655460868566059e-01 1.139999999999998437e+01 4.721416984135636263e-01 6.092464743320616938e-01 -6.371035631144343903e-01 7.105427357601001859e-15 1.631011162452743468e-01 6.498776260387575388e-01 7.423322012776856216e-01 1.421085471520200372e-14 0.000000000000000000e+00 0.000000000000000000e+00 0.000000000000000000e+00 1.000000000000000000e+00
-2.886874887507249188e-01 5.133510350732894967e-02 9.560461500297421367e-01 5.808510297985405302e+00 -9.174711837846923901e-01 -3.002826080803031594e-01 -2.609156611037493634e-01 -1.421085471520200372e-14 2.736898989066195997e-01 -9.524678800003616441e-01 1.337863102267995430e-01 -2.309263891220325604e-14 0.000000000000000000e+00 0.000000000000000000e+00 0.000000000000000000e+00 1.000000000000000000e+00 5.469269886343361975e-01 8.225404495552622874e-01 -1.558784075772007005e-01 1.140000000000000568e+01 -7.317953128409908636e-01 3.792822610909181158e-01 -5.662336854388980711e-01 7.105427357601001859e-15 -4.066281952931117272e-01 4.237595724785315765e-01 8.093709505075402655e-01 2.842170943040400743e-14 0.000000000000000000e+00 0.000000000000000000e+00 0.000000000000000000e+00 1.000000000000000000e+00
-8.186631277790112904e-02 6.564993379550856378e-01 7.498710063048746877e-01 5.808510297985417736e+00 -5.623558813574243143e-01 5.907538071484459419e-01 -5.785894935464446220e-01 0.000000000000000000e+00 -8.228327713058500859e-01 -4.690613591036369434e-01 3.208234278555470720e-01 -1.243449787580175325e-14 0.000000000000000000e+00 0.000000000000000000e+00 0.000000000000000000e+00 1.000000000000000000e+00 -8.472870871178317387e-02 -9.915925729606025474e-01 -9.780191802518967137e-02 1.139999999999996305e+01 4.301917000506622069e-02 9.442290417379139988e-02 -9.946022653198927088e-01 -1.421085471520200372e-14 9.954749604747017422e-01 -8.847872296071601639e-02 3.465715872849151058e-02 -2.842170943040400743e-14 0.000000000000000000e+00 0.000000000000000000e+00 0.000000000000000000e+00 1.000000000000000000e+00
