1.000000000000000000e+00 0.000000000000000000e+00 0.000000000000000000e+00 1.110000000000001563e+01 0.000000000000000000e+00 1.000000000000000000e+00 0.000000000000000000e+00 1.421085471520200372e-14 0.000000000000000000e+00 0.000000000000000000e+00 1.000000000000000000e+00 0.000000000000000000e+00 0.000000000000000000e+00 0.000000000000000000e+00 0.000000000000000000e+00 1.000000000000000000e+00 9.201958286256939346e-01 3.316848316548898223e-01 -2.079057705546915324e-01 1.540080676525156456e+00 -3.373421066816377767e-01 9.413419539755046861e-01 8.696478895124249570e-03 -4.557088464815421958e-01 1.985949144350558637e-01 6.213290702716413316e-02 9.781101992234242370e-01 9.963684965941181915e-01 0.000000000000000000e+00 0.000000000000000000e+00 0.000000000000000000e+00 1.000000000000000000e+00 9.279713024659906884e-01 3.681647053754938392e-01 -5.765424108726673047e-02 1.668716634372269247e+00 -3.698425996972464214e-01 9.288477076938950194e-01 -2.140998274121252987e-02 -4.707447412296517086e-01 4.566960968472594945e-02 4.119084397742388964e-02 9.981070088540968666e-01 2.146113974793504298e-01 0.000000000000000000e+00 0.000000000000000000e+00 0.000000000000000000e+00 1.000000000000000000e+00 9.099352851212220150e-01 3.704140266101831891e-01 1.865776668891293844e-01 1.579296776945598779e+00 -3.722749046339346446e-01 9.277500264653768536e-01 -2.629227592445056161e-02 -4.845733256777577935e-01 -1.828364631881597424e-01 -4.553391355817190678e-02 9.820883312843715629e-01 -4.677714594409376758e-01 0.000000000000000000e+00 0.000000000000000000e+00 0.000000000000000000e+00 1.000000000000000000e+00 3.934171428145766258e-01 -1.130314435170671761e-01 -9.123852500539796351e-01 9.686030412112867083e-01 -4.972909411420591841e-01 8.085363527785954796e-01 -3.145960681469678888e-01 -6.054566356534536453e-01 7.732558901150768937e-01 5.774884059545565274e-01 2.618825488466257623e-01 1.089603061098338266e+00 0.000000000000000000e+00 0.000000000000000000e+00 0.000000000000000000e+00 1.000000000000000000e+00 8.797020240493522714e-01 2.667418862039475091e-01 3.936662482710870381e-01 1.151242977599590489e+00 -3.141297784210776434e-01 9.474842903459109733e-01 5.996667288444654242e-02 -6.408755305007218794e-01 -3.569969624416957088e-01 -1.764150948532065277e-01 9.172954175811283140e-01 -9.221213399115040232e-01 0.000000000000000000e+00 0.000000000000000000e+00 0.000000000000000000e+00 1.000000000000000000e+00
4.735181553939289412e-01 -7.746312129490572351e-01 -4.191980921204236932e-01 1.109999999999997300e+01 4.239068547537493403e-01 6.176202843163789424e-01 -6.624561592239435193e-01 7.105427357601001859e-15 7.720644629855168972e-01 1.359840737955274048e-01 6.208258988386824440e-01 0.000000000000000000e+00 0.000000000000000000e+00 0.000000000000000000e+00 0.000000000000000000e+00 1.000000000000000000e+00 -1.742604287657323336e-01 5.428976287996122307e-01 -8.215202174080328268e-01 1.540080676525147574e+00 -1.334526247756052941e-01 8.135670376985332242e-01 5.659497081110077543e-01 -4.557088464854501808e-01 9.756145242394070882e-01 2.082566681145931742e-01 -6.932142727125256698e-02 9.963684965491381718e-01 0.000000000000000000e+00 0.000000000000000000e+00 0.000000000000000000e+00 1.000000000000000000e+00 9.758538342732114845e-01 -1.291020518388753813e-01 1.761872706675026434e-01 1.668716634372252372e+00 2.181219503985693531e-01 5.335430679766592910e-01 -8.171625354654836748e-01 -4.707447412342133930e-01 1.149386308407829120e-02 8.358615045718076342e-01 5.488200399824684217e-01 2.146113974343890618e-01 0.000000000000000000e+00 0.000000000000000000e+00 0.000000000000000000e+00 1.000000000000000000e+00 -1.526781403739767562e-01 -6.297511559073140086e-01 7.616448431423574750e-01 1.579296776945584568e+00 9.565650061075436916e-02 7.576449394285175165e-01 6.456190669808806737e-01 -4.845733256828594904e-01 -9.836357147556453739e-01 1.714281989398476480e-01 -5.543602858602914019e-02 -4.677714594858848329e-01 0.000000000000000000e+00 0.000000000000000000e+00 0.000000000000000000e+00 1.000000000000000000e+00 3.335896746218953712e-01 -9.419277671080771297e-01 -3.860065461167792866e-02 9.686030412112707211e-01 -6.705317815960114558e-01 -2.082933256616288364e-01 -7.120400412578616889e-01 -6.054566356573047869e-01 6.626500274317784767e-01 2.634121713885116955e-01 -7.010770065471072510e-01 1.089603061053477262e+00 0.000000000000000000e+00 0.000000000000000000e+00 0.000000000000000000e+00 1.000000000000000000e+00 -4.074199873305206498e-01 -7.616970056217321761e-02 9.100588610852966553e-01 1.151242977599574502e+00 -7.951049286106204317e-01 5.197904819436369728e-01 -3.124516080609955337e-01 -6.408755305062072694e-01 -4.492405885744282235e-01 -8.508913159722989450e-01 -2.723359358957808674e-01 -9.221213399563268354e-01 0.000000000000000000e+00 0.000000000000000000e+00 0.000000000000000000e+00 1.000000000000000000e+00
8.382204357869063038e-01 3.497062153415054775e-01 4.184400363023709768e-01 1.110000000000005116e+01 -4.641059410130695673e-01 5.456372510477791593e-02 8.840975485878599383e-01 -2.131628207280300558e-14 2.863427605957274413e-01 -9.352691392611063304e-01 2.080371615846725586e-01 -7.815970093361102045e-14 0.000000000000000000e+00 0.000000000000000000e+00 0.000000000000000000e+00 1.000000000000000000e+00 -1.620121599649431143e-01 -2.164716161843130149e-01 -9.627523562214974628e-01 1.540080676525171555e+00 -7.897792069692019523e-02 9.753564634843174819e-01 -2.060151867745584897e-01 -4.557088464854714971e-01 9.836231738149954218e-01 4.265921384550706852e-02 -1.751160855210014411e-01 9.963684965491355072e-01 0.000000000000000000e+00 0.000000000000000000e+00 0.000000000000000000e+00 1.000000000000000000e+00 5.018165082056089688e-01 -5.996839819198506241e-03 -8.649533108812943460e-01 1.668716634372259477e+00 -1.274695078302996165e-01 9.885452553156703903e-01 -8.080719501614525013e-02 -4.707447412342311566e-01 8.555300793460340891e-01 1.508055572751184348e-01 4.953039140054414924e-01 2.146113974343748509e-01 0.000000000000000000e+00 0.000000000000000000e+00 0.000000000000000000e+00 1.000000000000000000e+00 4.820381341886087467e-01 -8.723222908748449189e-01 -8.181111190313543335e-02 1.579296776945597003e+00 7.133360989458328305e-01 3.365305129846206666e-01 6.147347588765817994e-01 -4.845733256828985702e-01 -5.087148976870107253e-01 -3.546844156051553454e-01 7.844795205727957965e-01 -4.677714594858999320e-01 0.000000000000000000e+00 0.000000000000000000e+00 0.000000000000000000e+00 1.000000000000000000e+00 -4.736234991372079151e-02 -9.675449893473508922e-01 -2.482206707739812446e-01 9.686030412112884846e-01 2.010183960020603400e-01 2.341830956673101038e-01 -9.511834114262268658e-01 -6.054566356573012342e-01 9.784418287662325353e-01 -9.494720265763667566e-02 1.834028800975613382e-01 1.089603061053476818e+00 0.000000000000000000e+00 0.000000000000000000e+00 0.000000000000000000e+00 1.000000000000000000e+00 7.077695220906932150e-01 -3.768737662526501775e-01 -5.975185921040906400e-01 1.151242977599594042e+00 2.723334242124718640e-01 9.259952557572547205e-01 -2.614713987643128568e-01 -6.408755305062356911e-01 6.518410923347972563e-01 2.233720272548053373e-02 7.580265428849963794e-01 -9.221213399563370494e-01 0.000000000000000000e+00 0.000000000000000000e+00 0.000000000000000000e+00 1.000000000000000000e+00
6.003353647567828411e-01 6.104438229298743135e-01 5.166776450255040620e-01 1.110000000000006537e+01 2.442190329181459507e-02 6.317559215762396096e-01 -7.747825670424970390e-01 2.131628207280300558e-14 -7.993753939557720622e-01 4.777476264725095123e-01 3.643572216080503967e-01 3.552713678800500929e-14 0.000000000000000000e+00 0.000000000000000000e+00 0.000000000000000000e+00 1.000000000000000000e+00 3.998903296877021063e-02 8.944588109243084562e-01 -4.453586339143937312e-01 1.540080676525175107e+00 -7.932557847264839479e-01 2.994407623812598285e-01 5.301702460743155099e-01 -4.557088464854750498e-01 6.075739767634826816e-01 3.320823171811503882e-01 7.215089724843377628e-01 9.963684965491168555e-01 0.000000000000000000e+00 0.000000000000000000e+00 0.000000000000000000e+00 1.000000000000000000e+00 7.178444932069372175e-02 5.382718883939571208e-01 -8.397085012077276645e-01 1.668716634372284346e+00 4.685352252698916226e-02 8.391312648350488512e-01 5.419072501850700219e-01 -4.707447412342240511e-01 9.963190956026777290e-01 -7.824381471486722972e-02 3.501664170544993571e-02 2.146113974343677455e-01 0.000000000000000000e+00 0.000000000000000000e+00 0.000000000000000000e+00 1.000000000000000000e+00 9.890402899355681399e-01 -1.476347529882109377e-01 1.812344966399898061e-03 1.579296776945607661e+00 6.745109828530276852e-02 4.408837096514619525e-01 -8.950262029147928455e-01 -4.845733256828896884e-01 1.313379390133472546e-01 8.853392198892329201e-01 4.460098782556849439e-01 -4.677714594859097019e-01 0.000000000000000000e+00 0.000000000000000000e+00 0.000000000000000000e+00 1.000000000000000000e+00 9.544760545041206523e-01 2.076712896041927048e-01 -2.141216870202047595e-01 9.686030412112991428e-01 -2.910875500584632625e-01 8.052436722562247295e-01 -5.165759058379236768e-01 -6.054566356572994579e-01 6.514214902203205315e-02 5.553874897451699377e-01 8.290363301178966804e-01 1.089603061053459498e+00 0.000000000000000000e+00 0.000000000000000000e+00 0.000000000000000000e+00 1.000000000000000000e+00 9.803764062475038843e-01 1.769660340791969211e-01 -8.686267815068654530e-02 1.151242977599597594e+00 -1.736632341633302379e-01 9.838094982801485200e-01 4.427134732188256483e-02 -6.408755305062321384e-01 9.329085256959318562e-02 -2.831773077142561712e-02 9.952361141713033099e-01 -9.221213399563481516e-01 0.000000000000000000e+00 0.000000000000000000e+00 0.000000000000000000e+00 1.000000000000000000e+00
4.665183649270598920e-04 -9.975702431577173623e-01 6.966629261606969992e-02 1.109999999999996945e+01 3.001326027995542683e-02 6.964888328520901783e-02 9.971199713497322925e-01 -1.421085471520200372e-14 -9.995493917600984934e-01 1.625737794355541343e-03 2.997282783858024047e-02 2.486899575160350651e-14 0.000000000000000000e+00 0.000000000000000000e+00 0.000000000000000000e+00 1.000000000000000000e+00 7.861233781177054958e-01 -7.150657530119443328e-02 -6.139192488149411986e-01 1.540080676525128922e+00 -6.175365794662429630e-01 -4.962789783922438858e-02 -7.849749325788641929e-01 -4.557088464854643917e-01 2.566334736427933888e-02 9.962047387182788594e-01 -8.317157661909635458e-02 9.963684965491808043e-01 0.000000000000000000e+00 0.000000000000000000e+00 0.000000000000000000e+00 1.000000000000000000e+00 3.407201737203655600e-01 9.356891584973048293e-01 9.162729882829445671e-02 1.668716634372232832e+00 -3.619530627511318155e-01 2.204958272552209886e-01 -9.057436560794178693e-01 -4.707447412342204984e-01 -8.676979564255289379e-01 2.754403544029839224e-01 4.138029332681433248e-01 2.146113974344245889e-01 0.000000000000000000e+00 0.000000000000000000e+00 0.000000000000000000e+00 1.000000000000000000e+00 3.179985332328162384e-01 9.407130933700743602e-01 -1.180500267847637286e-01 1.579296776945573910e+00 -3.112989405766036777e-01 2.212101629105206468e-01 9.242072459253851680e-01 -4.845733256828914648e-01 8.955277228861548977e-01 -2.571477003342765855e-01 3.631874966943815508e-01 -4.677714594858599639e-01 0.000000000000000000e+00 0.000000000000000000e+00 0.000000000000000000e+00 1.000000000000000000e+00 -4.266605219002939098e-01 -8.876687818846744626e-01 1.732193197052431244e-01 9.686030412112618393e-01 2.940788184478972944e-01 -3.172839876064630360e-01 -9.015811221120539898e-01 -6.054566356573118924e-01 8.552651329219831400e-01 -3.337289392245150754e-01 3.964171382925092413e-01 1.089603061053523447e+00 0.000000000000000000e+00 0.000000000000000000e+00 0.000000000000000000e+00 1.000000000000000000e+00 1.398500869069653207e-01 4.621581902903224570e-01 8.757007253278306091e-01 1.151242977599567396e+00 -7.254156835220539890e-01 -5.541341245871156396e-01 4.082982464673370337e-01 -6.408755305062321384e-01 6.739540335158958895e-01 -6.923475854768652571e-01 2.577610940231463976e-01 -9.221213399562913082e-01 0.000000000000000000e+00 0.000000000000000000e+00 0.000000000000000000e+00 1.000000000000000000e+00
1.453836367959804310e-01 -8.959917302779500936e-01 4.195979235238179172e-01 1.109999999999996589e+01 2.285547149944416878e-02 4.270321965125425390e-01 9.039475264439917890e-01 -5.329070518200751394e-15 -9.891113312335031438e-01 -1.218290704848336570e-01 8.256180721307471160e-02 1.776356839400250465e-14 0.000000000000000000e+00 0.000000000000000000e+00 0.000000000000000000e+00 1.000000000000000000e+00 4.456032686536004483e-02 8.973121860038780762e-01 4.391414557048720635e-01 1.540080676525139580e+00 -6.224617456138598071e-01 3.687576956445128840e-01 -6.903326279050522318e-01 -4.557088464854928134e-01 -7.813806706829897752e-01 -2.425873095441940241e-01 5.749744731125987496e-01 9.963684965491950152e-01 0.000000000000000000e+00 0.000000000000000000e+00 0.000000000000000000e+00 1.000000000000000000e+00 2.020825523439429006e-02 -9.874970281739730016e-01 -1.563369622576610829e-01 1.668716634372238161e+00 -3.188773009859630081e-02 1.556527426813851811e-01 -9.872970152719604542e-01 -4.707447412342560256e-01 9.992871454639755679e-01 2.493678093367823756e-02 -2.834356835553863974e-02 2.146113974344316944e-01 0.000000000000000000e+00 0.000000000000000000e+00 0.000000000000000000e+00 1.000000000000000000e+00 3.834954320412623519e-01 6.625903837624155246e-01 -6.433546743041979044e-01 1.579296776945579239e+00 -5.870784807716096509e-02 7.126970041879358009e-01 6.990109933296403399e-01 -4.845733256828879121e-01 9.216749113313407182e-01 -2.302975544097601579e-01 3.122153011228775421e-01 -4.677714594858350949e-01 0.000000000000000000e+00 0.000000000000000000e+00 0.000000000000000000e+00 1.000000000000000000e+00 7.922492533319334118e-01 -3.273366157070424221e-01 -5.149678248322452356e-01 9.686030412112600629e-01 5.505670414251698785e-01 7.473344099183065747e-01 3.719774356710255359e-01 -6.054566356573189978e-01 2.630913405859822141e-01 -5.782231574137416397e-01 7.722958803069934763e-01 1.089603061053534105e+00 0.000000000000000000e+00 0.000000000000000000e+00 0.000000000000000000e+00 1.000000000000000000e+00 6.944029859029064999e-01 -6.660022165575111286e-01 -2.724803492173519248e-01 1.151242977599576278e+00 7.187119832253957563e-01 6.605743135267316823e-01 2.170130444855923324e-01 -6.408755305062641128e-01 3.546235098447818312e-02 -3.465293982466269851e-01 9.373685496182834198e-01 -9.221213399562770974e-01 0.000000000000000000e+00 0.000000000000000000e+00 0.000000000000000000e+00 1.000000000000000000e+00
1.419795991078420805e-02 9.372670095077905161e-01 -3.483230839647223909e-01 1.110000000000009379e+01 -7.133460424822890555e-02 -3.465210943702130564e-01 -9.353258819220275910e-01 -5.329070518200751394e-14 -9.973513885141587210e-01 3.812720872019387253e-02 6.193967859204985160e-02 4.263256414560601115e-14 0.000000000000000000e+00 0.000000000000000000e+00 0.000000000000000000e+00 1.000000000000000000e+00 7.048842388589218189e-01 4.293160219273531863e-01 -5.646467595982029852e-01 1.540080676525157344e+00 -5.569297220082611855e-01 -1.580110285146252291e-01 -8.153905810171903079e-01 -4.557088464854786025e-01 -4.392806557908957021e-01 8.892245319289288075e-01 1.277193691798464981e-01 9.963684965491266254e-01 0.000000000000000000e+00 0.000000000000000000e+00 0.000000000000000000e+00 1.000000000000000000e+00 -2.640657108046373658e-02 8.431411805618997946e-01 -5.370434271494791689e-01 1.668716634372266583e+00 -4.568798177223581253e-02 5.356514487141741387e-01 8.432023089460713994e-01 -4.707447412342560256e-01 9.986066799923540849e-01 4.680251201690004831e-02 2.437670083410936606e-02 2.146113974343686337e-01 0.000000000000000000e+00 0.000000000000000000e+00 0.000000000000000000e+00 1.000000000000000000e+00 2.150384996811551819e-01 -3.329278148560805839e-01 -9.181053935959820889e-01 1.579296776945589897e+00 -3.929376017069499682e-02 9.363876868786743524e-01 -3.487608066765152670e-01 -4.845733256829021229e-01 9.758147590944327154e-01 1.110728137626893347e-01 1.882774175951890117e-01 -4.677714594859061492e-01 0.000000000000000000e+00 0.000000000000000000e+00 0.000000000000000000e+00 1.000000000000000000e+00 9.608549603550697871e-01 -2.500710084714266035e-01 -1.192570160751177527e-01 9.686030412112884846e-01 -5.442630092373121342e-02 2.516867168159655499e-01 -9.662771726301720987e-01 -6.054566356573189978e-01 2.716533138557611360e-01 9.349429326437436183e-01 2.282239903487355281e-01 1.089603061053470157e+00 0.000000000000000000e+00 0.000000000000000000e+00 0.000000000000000000e+00 1.000000000000000000e+00 4.255974706963061571e-01 -3.515046797675971946e-01 -8.338532562977647444e-01 1.151242977599579831e+00 7.925884816988111592e-02 9.324123214702264573e-01 -3.525979264789950163e-01 -6.408755305062499019e-01 9.014348717038245251e-01 8.397453704535688679e-02 4.246921817085020923e-01 -9.221213399563472635e-01 0.000000000000000000e+00 0.000000000000000000e+00 0.000000000000000000e+00 1.000000000000000000e+00
8.727236908713315033e-01 2.655637431931247017e-01 4.096696934033279280e-01 1.110000000000004405e+01 -4.707883716669258312e-01 6.799617681220162524e-01 5.621479369308278740e-01 4.973799150320701301e-14 -1.292736187128879499e-01 -6.834675502126180691e-01 7.184430661585072819e-01 -6.394884621840901673e-14 0.000000000000000000e+00 0.000000000000000000e+00 0.000000000000000000e+00 1.000000000000000000e+00 1.785392364532329967e-01 6.308142703701443699e-01 -7.551139631499863558e-01 1.540080676525166226e+00 -2.386680491252615444e-01 -7.167599054065365571e-01 -6.552043958402252732e-01 -4.557088464854643917e-01 -9.545476957038021570e-01 2.972012690063675633e-01 2.258544503804293946e-02 9.963684965490990919e-01 0.000000000000000000e+00 0.000000000000000000e+00 0.000000000000000000e+00 1.000000000000000000e+00 7.235818296660083693e-01 -5.025772895566641418e-01 -4.731230324123618658e-01 1.668716634372282570e+00 4.227669691790447715e-02 7.164311477569103026e-01 -6.963756826752552920e-01 -4.707447412342133930e-01 6.889426802535196792e-01 4.838827115588996142e-01 5.396438684720725742e-01 2.146113974343446529e-01 0.000000000000000000e+00 0.000000000000000000e+00 0.000000000000000000e+00 1.000000000000000000e+00 3.480359274222245558e-01 5.263857223305687949e-01 -7.757506458584985110e-01 1.579296776945612990e+00 -9.155765816910054200e-01 3.686841932752086270e-01 -1.605972872997004919e-01 -4.845733256828879121e-01 2.014708819714798316e-01 7.661527504065583916e-01 6.102617854348246773e-01 -4.677714594859327946e-01 0.000000000000000000e+00 0.000000000000000000e+00 0.000000000000000000e+00 1.000000000000000000e+00 9.446225082147453600e-01 -2.374575527265815333e-01 2.264999506118844097e-01 9.686030412112902610e-01 1.866329780419397066e-01 -1.789747842269500122e-01 -9.659897298202053673e-01 -6.054566356572905761e-01 2.699193369902945228e-01 9.547680018014947922e-01 -1.247461993597414054e-01 1.089603061053441735e+00 0.000000000000000000e+00 0.000000000000000000e+00 0.000000000000000000e+00 1.000000000000000000e+00 4.912601252625945492e-01 5.237037899058795132e-01 6.959869465479927575e-01 1.151242977599599371e+00 3.722378688297595106e-01 5.961780639065168419e-01 -7.113442803071913234e-01 -6.408755305062072694e-01 -7.874658458219370161e-01 6.085277779648975427e-01 9.793612770089388242e-02 -9.221213399563712443e-01 0.000000000000000000e+00 0.000000000000000000e+00 0.000000000000000000e+00 1.000000000000000000e+00
3.438596722872572231e-01 9.021627351187357924e-01 -2.605051345704755272e-01 1.110000000000009912e+01 -4.009661860997663640e-01 -1.097924607314044732e-01 -9.094898202680171684e-01 -3.552713678800500929e-14 -8.491093235733000455e-01 4.171906218140868372e-01 3.239835515751809947e-01 3.907985046680551022e-14 0.000000000000000000e+00 0.000000000000000000e+00 0.000000000000000000e+00 1.000000000000000000e+00 9.024818370317447824e-01 1.444780034620469222e-01 4.057741247830227160e-01 1.540080676525178216e+00 -1.102955448041847836e-01 9.881725633676464726e-01 -1.065358052664118482e-01 -4.557088464854555099e-01 -4.163669374772153708e-01 5.139155108610284073e-02 9.077430703964690650e-01 9.963684965490955392e-01 0.000000000000000000e+00 0.000000000000000000e+00 0.000000000000000000e+00 1.000000000000000000e+00 1.009423604472676761e-01 9.945648253709513664e-01 -2.552347942939513573e-02 1.668716634372291896e+00 -6.585333172963594994e-02 3.227757282408805217e-02 9.973071227022757279e-01 -4.707447412342098403e-01 9.927104202976012592e-01 -9.898972889868191960e-02 6.875358176215284889e-02 2.146113974343535347e-01 0.000000000000000000e+00 0.000000000000000000e+00 0.000000000000000000e+00 1.000000000000000000e+00 7.457931371185210212e-01 4.297017202613917508e-01 5.090668209884784412e-01 1.579296776945615211e+00 -2.053491585381696516e-01 8.752357196958231444e-01 -4.379430991078638868e-01 -4.845733256828772539e-01 -6.337383685043699311e-01 2.220785144333760619e-01 7.409836797882152215e-01 -4.677714594859310182e-01 0.000000000000000000e+00 0.000000000000000000e+00 0.000000000000000000e+00 1.000000000000000000e+00 2.618841358884200776e-01 -9.276655752906546315e-01 -2.661827939417460986e-01 9.686030412113049159e-01 -8.852146407442911258e-01 -1.210171821377847845e-01 -4.491657616508473172e-01 -6.054566356572799180e-01 3.844629230263056918e-01 3.532582936720506939e-01 -8.528756291335684026e-01 1.089603061053452393e+00 0.000000000000000000e+00 0.000000000000000000e+00 0.000000000000000000e+00 1.000000000000000000e+00 3.589317531257026905e-01 -5.240634161828071624e-01 -7.723506537945803441e-01 1.151242977599608697e+00 7.956916318396443089e-01 -2.607477118386694048e-01 5.467041775871686049e-01 -6.408755305062125984e-01 -4.878963246617807337e-01 -8.107824409727336645e-01 3.234022414761872355e-01 -9.221213399563765734e-01 0.000000000000000000e+00 0.000000000000000000e+00 0.000000000000000000e+00 1.000000000000000000e+00
4.609961861518518944e-02 9.800344680022186061e-01 1.934095827283199565e-01 1.110000000000010445e+01 -9.898457856527478338e-01 7.087740563612565659e-02 -1.232140982022213310e-01 1.421085471520200372e-14 -1.344624326309360463e-01 -1.857655374333475884e-01 9.733504093146879699e-01 -7.549516567451064475e-15 0.000000000000000000e+00 0.000000000000000000e+00 0.000000000000000000e+00 1.000000000000000000e+00 8.992261249243481691e-01 -5.543738866559418110e-02 4.339574543563924358e-01 1.540080676525178660e+00 3.470080529032673611e-01 6.944480711554947838e-01 -6.303390259921213268e-01 -4.557088464854714971e-01 -2.664165675663280886e-01 7.174040510105534896e-01 6.437030682852329377e-01 9.963684965491239609e-01 0.000000000000000000e+00 0.000000000000000000e+00 0.000000000000000000e+00 1.000000000000000000e+00 1.558753237493734067e-01 -2.543297790845093220e-01 -9.544732824531302340e-01 1.668716634372273688e+00 4.113528903938307862e-02 9.671175438674689540e-01 -2.509811633158963717e-01 -4.707447412342133930e-01 9.869198404336972930e-01 -1.407642672185405717e-04 1.612116892280042180e-01 2.146113974343695219e-01 0.000000000000000000e+00 0.000000000000000000e+00 0.000000000000000000e+00 1.000000000000000000e+00 -1.522936355360660077e-01 -6.970668271981363961e-01 7.006457642740241409e-01 1.579296776945611214e+00 3.354610553225968045e-02 7.048608037505326163e-01 7.085519784319084247e-01 -4.845733256828737012e-01 -9.877658160610878202e-01 1.314118935107347619e-01 -8.396193700181608932e-02 -4.677714594859070374e-01 0.000000000000000000e+00 0.000000000000000000e+00 0.000000000000000000e+00 1.000000000000000000e+00 -5.838618067397978173e-01 2.245194999800207425e-01 -7.801899670972836098e-01 9.686030412112813792e-01 -2.408814068061455593e-01 8.698157200784684129e-01 4.305772415716693780e-01 -6.054566356572976815e-01 7.752944850091680884e-01 4.393308630555073369e-01 -4.537696048450929887e-01 1.089603061053465272e+00 0.000000000000000000e+00 0.000000000000000000e+00 0.000000000000000000e+00 1.000000000000000000e+00 -2.974763975844287867e-01 9.547209837280463685e-01 3.954252083805037676e-03 1.151242977599579831e+00 -8.956345602114290649e-01 -2.776266687077053597e-01 -3.475085141074129025e-01 -6.408755305062214802e-01 -3.306758646092435860e-01 -1.069171457326347080e-01 9.376684896664255753e-01 -9.221213399563445989e-01 0.000000000000000000e+00 0.000000000000000000e+00 0.000000000000000000e+00 1.000000000000000000e+00
1.590997602718524639e-03 -5.857857526355930711e-01 8.104643858528145506e-01 1.109999999999998721e+01 -1.956413801357248516e-03 8.104620372019132324e-01 5.857878956581148433e-01 2.486899575160350651e-14 -9.999968205807786559e-01 -2.517590847684547661e-03 1.434038271879156667e-04 1.421085471520200372e-14 0.000000000000000000e+00 0.000000000000000000e+00 0.000000000000000000e+00 1.000000000000000000e+00 8.467299522513724863e-01 -1.098380867284893814e-01 -5.205612189399179135e-01 1.540080676525157344e+00 -4.937154849189556716e-01 2.023380769021462244e-01 -8.457566568385858075e-01 -4.557088464854643917e-01 1.982256489751738071e-01 9.731366283001404716e-01 1.170969459422623871e-01 9.963684965491452772e-01 0.000000000000000000e+00 0.000000000000000000e+00 0.000000000000000000e+00 1.000000000000000000e+00 6.662588420371898801e-01 6.381805873713674027e-01 3.857780363234787901e-01 1.668716634372273688e+00 -4.866346681287992415e-01 -1.990919656251244341e-02 8.733786828560728965e-01 -4.707447412342133930e-01 5.650538515773839698e-01 -7.696292365773093058e-01 2.972961200940773541e-01 2.146113974343748509e-01 0.000000000000000000e+00 0.000000000000000000e+00 0.000000000000000000e+00 1.000000000000000000e+00 4.991446267456619568e-01 -7.456896412934452822e-01 -4.413633429030856536e-01 1.579296776945597003e+00 8.242897655699170656e-01 5.656793544971036036e-01 -2.352127276384824439e-02 -4.845733256828879121e-01 2.672097003621406452e-01 -3.520707695384454605e-01 8.970201498678732621e-01 -4.677714594858954911e-01 0.000000000000000000e+00 0.000000000000000000e+00 0.000000000000000000e+00 1.000000000000000000e+00 2.940650213988954542e-01 -4.563651464694869486e-01 -8.397955800535930049e-01 9.686030412112884846e-01 -9.470842163678501180e-01 -2.084122415507461135e-02 -3.203078682808353506e-01 -6.054566356572905761e-01 1.286749792949747062e-01 8.895484789844798623e-01 -4.383449021487946240e-01 1.089603061053466604e+00 0.000000000000000000e+00 0.000000000000000000e+00 0.000000000000000000e+00 1.000000000000000000e+00 -2.637763065721343558e-01 9.376634616728855010e-01 2.262947032848633411e-01 1.151242977599586936e+00 -3.787447374102481668e-02 2.243543847161084681e-01 -9.737713460035146706e-01 -6.408755305062321384e-01 -9.638400200915105964e-01 -2.654286018918787793e-01 -2.366586080663068969e-02 -9.221213399563339408e-01 0.000000000000000000e+00 0.000000000000000000e+00 0.000000000000000000e+00 1.000000000000000000e+00
6.348451666639290947e-01 -6.903227580950445086e-01 -3.470246446860779654e-01 1.109999999999997478e+01 -5.629105613572420175e-02 4.066238893427249756e-01 -9.118598190593331099e-01 -1.065814103640150279e-14 7.705860960091173162e-01 5.984241825593663577e-01 2.192842136716213197e-01 3.552713678800500929e-14 0.000000000000000000e+00 0.000000000000000000e+00 0.000000000000000000e+00 1.000000000000000000e+00 5.004725093471061870e-01 5.912713960096139809e-01 -6.323965556900615903e-01 1.540080676525157344e+00 1.779460040652921793e-01 6.446092954992964641e-01 7.435146775908971772e-01 -4.557088464854572862e-01 8.472676596123599468e-01 -4.846410965000214066e-01 2.173948494289854594e-01 9.963684965491523826e-01 0.000000000000000000e+00 0.000000000000000000e+00 0.000000000000000000e+00 1.000000000000000000e+00 2.047871734191089033e-01 8.491312827074393166e-01 -4.868657703419194682e-01 1.668716634372259477e+00 -2.976987007961141574e-01 5.278765374659248888e-01 7.954381463931005092e-01 -4.707447412342204984e-01 9.324364306199740549e-01 -1.795622233668980536e-02 3.608876236892556433e-01 2.146113974344006081e-01 0.000000000000000000e+00 0.000000000000000000e+00 0.000000000000000000e+00 1.000000000000000000e+00 4.123016881879102424e-01 6.894924304237934898e-01 -5.954892999086460748e-01 1.579296776945589897e+00 -7.525778366502824390e-01 -1.106179827508646518e-01 -6.491457938513582882e-01 -4.845733256828808067e-01 -5.134529362075750392e-01 7.157959557586361932e-01 4.732887406429614474e-01 -4.677714594858795039e-01 0.000000000000000000e+00 0.000000000000000000e+00 0.000000000000000000e+00 1.000000000000000000e+00 -8.670418720734072160e-01 -4.512629668752802248e-01 2.111874210230358651e-01 9.686030412112742738e-01 -4.707690122903047253e-02 -3.477736846792827130e-01 -9.363958722758590758e-01 -6.054566356572976815e-01 4.960062070600663175e-01 -8.218364794601871193e-01 2.802902845022853251e-01 1.089603061053505684e+00 0.000000000000000000e+00 0.000000000000000000e+00 0.000000000000000000e+00 1.000000000000000000e+00 5.312459881691495855e-01 8.404193786335135696e-01 -1.071119417779479444e-01 1.151242977599579831e+00 -8.469552447735902989e-01 5.299661898537116889e-01 -4.245763726878033079e-02 -6.408755305062285856e-01 2.108348654021620708e-02 1.132744703328969899e-01 9.933400127680904745e-01 -9.221213399563144009e-01 0.000000000000000000e+00 0.000000000000000000e+00 0.000000000000000000e+00 1.000000000000000000e+00
7.312103202440001226e-02 1.058846675513244184e-01 -9.916863172663179515e-01 1.110000000000003695e+01 -9.758495902452534176e-01 -1.976318668975420856e-01 -9.305494293568267183e-02 -2.842170943040400743e-14 -2.058419099548429720e-01 9.745409598185894584e-01 8.887646337475785252e-02 8.526512829121202230e-14 0.000000000000000000e+00 0.000000000000000000e+00 0.000000000000000000e+00 1.000000000000000000e+00 8.907276569230871965e-01 -4.363019110045159854e-01 1.274554182689558168e-01 1.540080676525157344e+00 1.554683032151556454e-01 2.894395190567455867e-02 -9.874167581844467412e-01 -4.557088464854714971e-01 4.271227550572639919e-01 8.993346930380753390e-01 9.361229625643796570e-02 9.963684965491239609e-01 0.000000000000000000e+00 0.000000000000000000e+00 0.000000000000000000e+00 1.000000000000000000e+00 1.340621900007397116e-01 9.877052156638286284e-01 -8.040980140924967878e-02 1.668716634372259477e+00 -6.761337174087141966e-01 1.504894681133495116e-01 7.212462243714237164e-01 -4.707447412342204984e-01 7.244794858346773614e-01 -4.232407042606544517e-02 6.879957468380824004e-01 2.146113974343606401e-01 0.000000000000000000e+00 0.000000000000000000e+00 0.000000000000000000e+00 1.000000000000000000e+00 5.219319670349807927e-01 2.860720215674510958e-01 -8.035856023245486757e-01 1.579296776945597003e+00 -6.477944648356868118e-01 7.458317736528294883e-01 -1.552330400981718206e-01 -4.845733256828879121e-01 5.549318454686501534e-01 6.015793911747527867e-01 5.745893168155599140e-01 -4.677714594859168074e-01 0.000000000000000000e+00 0.000000000000000000e+00 0.000000000000000000e+00 1.000000000000000000e+00 7.778548579495174753e-01 5.552564480399644342e-01 2.943333091486219355e-01 9.686030412112813792e-01 -4.177415688419701123e-01 8.067439251752477336e-01 -4.179189166025916169e-01 -6.054566356573047869e-01 -4.695037823338440441e-01 2.021250011821312531e-01 8.594833810326630852e-01 1.089603061053466604e+00 0.000000000000000000e+00 0.000000000000000000e+00 0.000000000000000000e+00 1.000000000000000000e+00 7.846972094448686486e-01 -4.551701807311778203e-01 -4.207973337161047822e-01 1.151242977599576278e+00 4.333571570926316174e-01 8.882024590087054250e-01 -1.526367131704598479e-01 -6.408755305062356911e-01 4.432289068709622248e-01 -6.258193336767388371e-02 8.942212465212040495e-01 -9.221213399563694679e-01 0.000000000000000000e+00 0.000000000000000000e+00 0.000000000000000000e+00 1.000000000000000000e+00
3.399662474638707188e-01 8.236296446637821900e-01 4.539351925290065481e-01 1.110000000000009379e+01 -6.779354275209765746e-01 -1.199007270016472226e-01 7.252774446902557903e-01 -1.421085471520200372e-14 6.517871636487518883e-01 -5.543086000555000892e-01 5.176055150471512434e-01 -4.973799150320701301e-14 0.000000000000000000e+00 0.000000000000000000e+00 0.000000000000000000e+00 1.000000000000000000e+00 5.954097280838414052e-01 7.301366022650082055e-01 -3.352428936398733073e-01 1.540080676525175107e+00 -3.451713086683985687e-01 -1.443263309119349191e-01 -9.273762331856708618e-01 -4.557088464854661680e-01 -7.254957087228506296e-01 6.678850591519531754e-01 1.660889050668972189e-01 9.963684965491097500e-01 0.000000000000000000e+00 0.000000000000000000e+00 0.000000000000000000e+00 1.000000000000000000e+00 -1.083214137494437068e-02 9.996430893914847182e-01 -2.442045341679072168e-02 1.668716634372273688e+00 -9.581843278482458093e-01 -3.392936123777667845e-03 2.861315813580626033e-01 -4.707447412342258275e-01 2.859466009226877548e-01 2.649871348402393911e-02 9.578790944604923530e-01 2.146113974343677455e-01 0.000000000000000000e+00 0.000000000000000000e+00 0.000000000000000000e+00 1.000000000000000000e+00 9.911793255921695911e-01 -1.020728231101531991e-01 -8.452622847953925045e-02 1.579296776945614766e+00 1.143003070065619076e-01 9.812140394549181410e-01 1.554170151391668087e-01 -4.845733256828896884e-01 6.707446859168986197e-02 -1.637075061165055023e-01 9.842260249070112765e-01 -4.677714594859025965e-01 0.000000000000000000e+00 0.000000000000000000e+00 0.000000000000000000e+00 1.000000000000000000e+00 9.606565025684813408e-01 -1.281119747151162058e-01 -2.464272834072695484e-01 9.686030412112955901e-01 5.261545649850917633e-02 9.551400943858643355e-01 -2.914429855632413857e-01 -6.054566356573030106e-01 2.727099151302475044e-01 2.670107151991389371e-01 9.243022125682148760e-01 1.089603061053480815e+00 0.000000000000000000e+00 0.000000000000000000e+00 0.000000000000000000e+00 1.000000000000000000e+00 -3.352031723840909194e-03 -3.419864150686288684e-01 9.396989176283168099e-01 1.151242977599594042e+00 -6.147168717664667215e-01 7.418918219227497168e-01 2.678053250586931999e-01 -6.408755305062339147e-01 -7.887407251112192874e-01 -5.767510871014032148e-01 -2.127116641803592501e-01 -9.221213399563481516e-01 0.000000000000000000e+00 0.000000000000000000e+00 0.000000000000000000e+00 1.000000000000000000e+00
1.272316379738613890e-01 2.228301220323683149e-02 -9.916226992488820224e-01 1.110000000000005116e+01 1.186173364554183873e-01 9.922310582105610122e-01 3.751605808946791021e-02 3.907985046680551022e-14 9.847548110015561518e-01 -1.223968728746803181e-01 1.236000312289159409e-01 -2.842170943040400743e-14 0.000000000000000000e+00 0.000000000000000000e+00 0.000000000000000000e+00 1.000000000000000000e+00 8.925418624542530432e-01 4.015763743674777841e-01 -2.051960996621637057e-01 1.540080676525150238e+00 -2.542063657643111041e-01 7.218541404129508177e-02 -9.644523780905867039e-01 -4.557088464855070242e-01 -3.724891238299375407e-01 9.129762765535356372e-01 1.665117745952138240e-01 9.963684965491168555e-01 0.000000000000000000e+00 0.000000000000000000e+00 0.000000000000000000e+00 1.000000000000000000e+00 2.300676055837557188e-01 8.971274856720384827e-01 -3.771354813760219304e-01 1.668716634372245267e+00 -9.731280927484896592e-01 2.158698030271442025e-01 -8.013702792535346009e-02 -4.707447412342595783e-01 9.519031707286768063e-03 3.854380658326164166e-01 9.226846077845708427e-01 2.146113974343606401e-01 0.000000000000000000e+00 0.000000000000000000e+00 0.000000000000000000e+00 1.000000000000000000e+00 2.214751597777926406e-01 -1.539910234147438550e-01 9.629306923704742394e-01 1.579296776945589897e+00 1.836357642314837557e-01 9.763727427637168832e-01 1.139042285570452118e-01 -4.845733256829163338e-01 -9.577195099278911217e-01 1.516015563763660479e-01 2.445205684758305908e-01 -4.677714594859168074e-01 0.000000000000000000e+00 0.000000000000000000e+00 0.000000000000000000e+00 1.000000000000000000e+00 -9.116810070356180518e-01 -3.446720522456999114e-01 -2.236938036943791064e-01 9.686030412112671684e-01 -3.097014142645503898e-01 9.341781847318955112e-01 -1.771895966854654669e-01 -6.054566356573438668e-01 2.700421733971553051e-01 -9.226210257607424248e-02 -9.584179302450384075e-01 1.089603061053452393e+00 0.000000000000000000e+00 0.000000000000000000e+00 0.000000000000000000e+00 1.000000000000000000e+00 8.900025180564585803e-01 4.555437414114487105e-01 -1.937569389782530307e-02 1.151242977599572725e+00 -4.482589840459131336e-01 8.819636737393241610e-01 1.456158007441523405e-01 -6.408755305062641128e-01 8.342302485098977705e-02 -1.209131004692793609e-01 9.891514651758935850e-01 -9.221213399563552571e-01 0.000000000000000000e+00 0.000000000000000000e+00 0.000000000000000000e+00 1.000000000000000000e+00
2.141999120881163954e-01 -9.659140739152810573e-01 -1.453561126125354763e-01 1.109999999999998188e+01 4.860945703812356022e-01 2.344836097468697700e-01 -8.418607399124629076e-01 -4.263256414560601115e-14 8.472487629423397504e-01 1.096696793670090264e-01 5.197519553789212710e-01 -1.243449787580175325e-14 0.000000000000000000e+00 0.000000000000000000e+00 0.000000000000000000e+00 1.000000000000000000e+00 8.116098746408774156e-01 -5.020427058456443659e-01 -2.987348873041162922e-01 1.540080676525128922e+00 5.581057445128699834e-01 5.151970813751862721e-01 6.504536457613445677e-01 -4.557088464854679444e-01 -1.726481663011637524e-01 -6.946402585868987067e-01 6.983319567535000161e-01 9.963684965491239609e-01 0.000000000000000000e+00 0.000000000000000000e+00 0.000000000000000000e+00 1.000000000000000000e+00 -3.836822390859206955e-02 8.923246128462965221e-02 -9.952715444777808784e-01 1.668716634372231056e+00 -4.739168460550635155e-03 9.959774832628595087e-01 8.947845056594909419e-02 -4.707447412342240511e-01 9.992524304080538933e-01 8.149888739580829836e-03 -3.779099941956798325e-02 2.146113974343606401e-01 0.000000000000000000e+00 0.000000000000000000e+00 0.000000000000000000e+00 1.000000000000000000e+00 5.491986470487643102e-01 6.009777556387554398e-01 5.806949141392675484e-01 1.579296776945568581e+00 -8.345244420406298103e-01 3.576822781412133390e-01 4.190851268423723130e-01 -4.845733256828896884e-01 4.415655915696254513e-02 -7.147650838779942006e-01 6.979692494317364382e-01 -4.677714594859168074e-01 0.000000000000000000e+00 0.000000000000000000e+00 0.000000000000000000e+00 1.000000000000000000e+00 6.361740991537168100e-02 -7.537660551460089176e-01 -6.540562355526345906e-01 9.686030412112529575e-01 2.133275667388637165e-01 6.505065099183922062e-01 -7.289256682427011080e-01 -6.054566356573047869e-01 9.749072645256753322e-01 -9.315586220639242299e-02 2.021826177287464610e-01 1.089603061053452393e+00 0.000000000000000000e+00 0.000000000000000000e+00 0.000000000000000000e+00 1.000000000000000000e+00 -2.286189927358583951e-02 8.808404719884982415e-01 -4.728608637524195357e-01 1.151242977599558515e+00 -6.111085770199257139e-01 -3.866437431663036772e-01 -6.906901787075238053e-01 -6.408755305062285856e-01 -7.912165573686423814e-01 2.731788402812876937e-01 5.471285777294809805e-01 -9.221213399563623625e-01 0.000000000000000000e+00 0.000000000000000000e+00 0.000000000000000000e+00 1.000000000000000000e+00
