9.969088615710077761e-01 6.956394068520263541e-02 3.651821295658949640e-02 1.799519489222632274e+00 -6.975855749533824146e-02 9.975555571539328481e-01 4.080937083094367951e-03 0.000000000000000000e+00 -3.614506020698818323e-02 -6.615780199809770216e-03 9.993246549920505872e-01 -4.440892098500626162e-16 0.000000000000000000e+00 0.000000000000000000e+00 0.000000000000000000e+00 1.000000000000000000e+00 1.000000000000000000e+00 0.000000000000000000e+00 0.000000000000000000e+00 1.384685325407687628e+00 0.000000000000000000e+00 1.000000000000000000e+00 0.000000000000000000e+00 7.105427357601001859e-15 0.000000000000000000e+00 0.000000000000000000e+00 1.000000000000000000e+00 1.332267629550187849e-15 0.000000000000000000e+00 0.000000000000000000e+00 0.000000000000000000e+00 1.000000000000000000e+00
8.236545899824669892e-01 -1.627627873394830726e-01 5.432323549442691357e-01 1.799519489222653590e+00 4.961521539662866465e-01 6.707441035394183793e-01 -5.513033535919370509e-01 -7.105427357601001859e-15 -2.746382284304726418e-01 7.236094406685033009e-01 6.332165671079581504e-01 -1.421085471520200372e-14 0.000000000000000000e+00 0.000000000000000000e+00 0.000000000000000000e+00 1.000000000000000000e+00 6.385401354529904872e-01 -9.532165358481212158e-02 7.636624108685288181e-01 1.384685325407680523e+00 -7.237646566407981430e-01 2.629154971977805122e-01 6.379969930421861557e-01 7.105427357601001859e-15 -2.615936108036739371e-01 -9.600985489475031276e-01 9.889165331611637910e-02 0.000000000000000000e+00 0.000000000000000000e+00 0.000000000000000000e+00 0.000000000000000000e+00 1.000000000000000000e+00
3.861369530551445051e-01 7.902917837038727633e-01 4.757490410872525777e-01 1.799519489222618063e+00 -6.009224415867385760e-01 6.068071325845822983e-01 -5.202665884351115322e-01 -1.421085471520200372e-14 -6.998503216279333694e-01 -8.499412011797254085e-02 7.092147254976096660e-01 1.776356839400250465e-15 0.000000000000000000e+00 0.000000000000000000e+00 0.000000000000000000e+00 1.000000000000000000e+00 9.497891099541999615e-02 -7.467807978634259658e-02 9.926742622157326279e-01 1.384685325407684076e+00 -2.276547866275126508e-01 9.691271141756137020e-01 9.468861967115542455e-02 1.421085471520200372e-14 -9.690987073522004946e-01 -2.349804693353719776e-01 7.504581560102163706e-02 6.217248937900876626e-15 0.000000000000000000e+00 0.000000000000000000e+00 0.000000000000000000e+00 1.000000000000000000e+00
7.899105042147446243e-01 -5.676900380446013861e-01 2.318823323069850451e-01 1.799519489222632274e+00 3.970680413982124457e-01 1.853362510902294424e-01 -8.988812182552303742e-01 -3.552713678800500929e-15 4.673097108250539033e-01 8.021087798651368450e-01 3.718106230756000885e-01 3.552713678800500929e-15 0.000000000000000000e+00 0.000000000000000000e+00 0.000000000000000000e+00 1.000000000000000000e+00 8.625923774854271642e-03 -8.216767521743558733e-01 -5.698885052141628993e-01 1.384685325407687628e+00 4.932932864059650369e-01 -4.922408823900963348e-01 7.171894082392894498e-01 1.065814103640150279e-14 -8.698202843264999373e-01 -2.873085947896824033e-01 4.010815931131034295e-01 3.552713678800500929e-15 0.000000000000000000e+00 0.000000000000000000e+00 0.000000000000000000e+00 1.000000000000000000e+00
6.397090779949961004e-01 -7.268300960961774360e-01 -2.499806131275251753e-01 1.799519489222637603e+00 5.517887614566331644e-02 3.678229024142697368e-01 -9.282572941199247474e-01 -4.662936703425657470e-15 7.666339329550275750e-01 5.800209684730063264e-01 2.754053176203073994e-01 1.421085471520200372e-14 0.000000000000000000e+00 0.000000000000000000e+00 0.000000000000000000e+00 1.000000000000000000e+00 6.840063841703862835e-01 -1.206399251235982378e-02 7.293762585242377083e-01 1.384685325407673417e+00 6.811310956548885520e-02 9.965513016235589827e-01 -4.739311698664734618e-02 1.065814103640150279e-14 -7.262891095971862887e-01 8.209727959592848234e-02 6.824691685076142988e-01 8.881784197001252323e-15 0.000000000000000000e+00 0.000000000000000000e+00 0.000000000000000000e+00 1.000000000000000000e+00
9.377682837253418224e-01 1.487021234122970492e-01 3.138125627368998360e-01 1.799519489222610957e+00 5.539406372673877192e-03 8.971569771610339306e-01 -4.416771143135158617e-01 -1.421085471520200372e-14 -3.472174549412300193e-01 4.159291247603972841e-01 8.405016372144582526e-01 7.105427357601001859e-15 0.000000000000000000e+00 0.000000000000000000e+00 0.000000000000000000e+00 1.000000000000000000e+00 8.777532896653289507e-01 -3.471873058696160474e-01 3.301668322601329919e-01 1.384685325407701839e+00 3.840922540843921817e-01 9.798279253464381444e-02 -9.180808857173119453e-01 1.421085471520200372e-14 2.863953610554191842e-01 9.326630404439273381e-01 2.193566733788271383e-01 5.329070518200751394e-15 0.000000000000000000e+00 0.000000000000000000e+00 0.000000000000000000e+00 1.000000000000000000e+00
7.359446729608598581e-02 -1.479899601310119984e-03 9.972871523691536622e-01 1.799519489222646484e+00 7.219062062273426950e-01 6.900155669792462643e-01 -5.224889220600477391e-02 -1.065814103640150279e-14 -6.880663367683748088e-01 7.237930140747971253e-01 5.184967678462348850e-02 -1.421085471520200372e-14 0.000000000000000000e+00 0.000000000000000000e+00 0.000000000000000000e+00 1.000000000000000000e+00 1.178585085832473123e-02 9.596436078389721791e-01 2.809719552790746477e-01 1.384685325407673417e+00 -3.087795128240722331e-02 -2.805081809422189654e-01 9.593548418333481820e-01 0.000000000000000000e+00 9.994536736858525838e-01 -1.998265143288951995e-02 2.632580098620029840e-02 1.421085471520200372e-14 0.000000000000000000e+00 0.000000000000000000e+00 0.000000000000000000e+00 1.000000000000000000e+00
1.302902864855810527e-01 -5.150950572443342423e-01 8.471726643665747902e-01 1.799519489222625168e+00 1.902547178735490563e-02 8.555976985808856350e-01 5.172916098356521442e-01 -7.105427357601001859e-15 -9.912933333129876345e-01 -5.128021241714997985e-02 1.212759957439154546e-01 7.105427357601001859e-15 0.000000000000000000e+00 0.000000000000000000e+00 0.000000000000000000e+00 1.000000000000000000e+00 2.471188774681160050e-01 -5.814212356987821240e-01 7.751655352744983851e-01 1.384685325407673417e+00 9.275605880366449840e-01 -8.946402196929015282e-02 -3.628051051104324021e-01 7.105427357601001859e-15 2.802920190087683228e-01 8.086689900395462871e-01 5.171951745989211702e-01 -1.776356839400250465e-15 0.000000000000000000e+00 0.000000000000000000e+00 0.000000000000000000e+00 1.000000000000000000e+00
1.976277332644524876e-01 -8.934311407778543490e-01 4.033907234098675909e-01 1.799519489222639379e+00 6.054298677963115827e-01 4.348870455913349531e-01 6.665792771733763944e-01 -7.105427357601001859e-15 -7.709720839465559195e-01 1.124902407554629613e-01 6.268556384925343394e-01 -7.105427357601001859e-15 0.000000000000000000e+00 0.000000000000000000e+00 0.000000000000000000e+00 1.000000000000000000e+00 2.155856427275960607e-01 3.864604937882295532e-01 8.967558850605259479e-01 1.384685325407673417e+00 -7.987562205304074014e-01 -4.584711243495558364e-01 3.896058627659925166e-01 1.421085471520200372e-14 5.617039529981149304e-01 -8.002827718241921628e-01 2.098479313876585595e-01 -3.885780586188047891e-15 0.000000000000000000e+00 0.000000000000000000e+00 0.000000000000000000e+00 1.000000000000000000e+00
6.620211011661336631e-01 7.091086746563437515e-01 2.426786952699051536e-01 1.799519489222645596e+00 -6.174155356318845600e-01 3.324248515476347920e-01 7.129458425672500210e-01 -1.421085471520200372e-14 4.248836522757409306e-01 -6.218187883947032812e-01 6.578869784607158655e-01 1.421085471520200372e-14 0.000000000000000000e+00 0.000000000000000000e+00 0.000000000000000000e+00 1.000000000000000000e+00 4.700267789576513255e-01 -8.650078085175414433e-01 -1.756027285277064753e-01 1.384685325407680523e+00 7.181949232618327628e-01 4.904574500337767207e-01 -4.936066672030429148e-01 1.421085471520200372e-14 5.130992879196241141e-01 1.058913637179430267e-01 8.517723521143011345e-01 -3.552713678800500929e-15 0.000000000000000000e+00 0.000000000000000000e+00 0.000000000000000000e+00 1.000000000000000000e+00
9.556071325346052747e-01 -2.237136846109926691e-01 1.917477394045692674e-01 1.799519489222625168e+00 2.664161857789202337e-01 3.780941274460137835e-01 -8.866043349464572954e-01 -7.105427357601001859e-15 1.258468283430343448e-01 8.983301275748304393e-01 4.209103915174677857e-01 -1.421085471520200372e-14 0.000000000000000000e+00 0.000000000000000000e+00 0.000000000000000000e+00 1.000000000000000000e+00 3.025177065678207322e-01 -9.575961068836015902e-03 -9.530956605622302735e-01 1.384685325407687628e+00 3.919006271958359044e-01 9.127639913198675181e-01 1.152206342342171896e-01 -7.105427357601001859e-15 8.688480509366736104e-01 -4.083750691697927149e-01 2.798800944406563129e-01 -1.776356839400250465e-15 0.000000000000000000e+00 0.000000000000000000e+00 0.000000000000000000e+00 1.000000000000000000e+00
9.136870641871528420e-01 3.492137419109520580e-01 -2.079079392366068035e-01 1.799519489222634050e+00 -3.391500437217666586e-01 9.370256697076387864e-01 8.342746641529306950e-02 -1.421085471520200372e-14 2.239490937257513359e-01 -5.714610179363813040e-03 9.745840890605143025e-01 -7.105427357601001859e-15 0.000000000000000000e+00 0.000000000000000000e+00 0.000000000000000000e+00 1.000000000000000000e+00 3.968389354650827539e-01 9.178628638943786555e-01 6.828058475834453134e-03 1.384685325407684076e+00 -6.220753687918373354e-02 3.431577725593137895e-02 -9.974731323633467817e-01 1.421085471520200372e-14 -9.157778560624650899e-01 3.954114193026435076e-01 7.071582447164348473e-02 0.000000000000000000e+00 0.000000000000000000e+00 0.000000000000000000e+00 0.000000000000000000e+00 1.000000000000000000e+00
1.242039250694888519e-01 1.206701151569259389e-01 -9.848919272211276166e-01 1.799519489222625168e+00 -8.210263676933700350e-02 9.904238934829430185e-01 1.109940009802797833e-01 0.000000000000000000e+00 9.888541560982868628e-01 6.707633357677110497e-02 1.329218696868299521e-01 0.000000000000000000e+00 0.000000000000000000e+00 0.000000000000000000e+00 0.000000000000000000e+00 1.000000000000000000e+00 3.234880455254480758e-01 3.904270181929087591e-01 8.619293636181099005e-01 1.384685325407691181e+00 -4.774865586999780809e-01 8.537783804099751128e-01 -2.075308733788114590e-01 5.329070518200751394e-15 -8.169223161739297412e-01 -3.444259290609723578e-01 4.626107529311310751e-01 -2.131628207280300558e-14 0.000000000000000000e+00 0.000000000000000000e+00 0.000000000000000000e+00 1.000000000000000000e+00
3.590642603511311481e-01 -9.308122806132320681e-01 6.827411806892158541e-02 1.799519489222639379e+00 2.662780102365805979e-01 3.205603585915284270e-02 -9.633630841118236976e-01 -1.243449787580175325e-14 8.945215918036539815e-01 3.640891495562464386e-01 2.593650187910210292e-01 -2.131628207280300558e-14 0.000000000000000000e+00 0.000000000000000000e+00 0.000000000000000000e+00 1.000000000000000000e+00 1.031132770589437975e-02 2.387433441959443403e-01 9.710279564065487090e-01 1.384685325407691181e+00 1.470190593568654336e-02 9.709384212989423668e-01 -2.388774497673978037e-01 2.131628207280300558e-14 -9.998387522409799555e-01 1.673910534211095480e-02 6.501682055117141701e-03 -1.065814103640150279e-14 0.000000000000000000e+00 0.000000000000000000e+00 0.000000000000000000e+00 1.000000000000000000e+00
5.137192050038608127e-02 9.631746415850430676e-01 -2.639233517361167514e-01 1.799519489222632274e+00 -2.661925234279668429e-01 -2.415055272934754083e-01 -9.331755573083511113e-01 3.552713678800500929e-15 -9.625499811724861354e-01 1.181934435331519484e-01 2.439832855968258052e-01 4.440892098500626162e-15 0.000000000000000000e+00 0.000000000000000000e+00 0.000000000000000000e+00 1.000000000000000000e+00 2.784865488953048862e-01 -7.822801716779221870e-01 -5.572099919096421550e-01 1.384685325407676970e+00 8.710986081183231811e-01 4.500783208635931176e-01 -1.965113737749761835e-01 1.421085471520200372e-14 4.045150887404607154e-01 -4.306590740808430295e-01 8.067839270170967803e-01 5.329070518200751394e-15 0.000000000000000000e+00 0.000000000000000000e+00 0.000000000000000000e+00 1.000000000000000000e+00
2.521819216337493064e-01 9.065993891650685477e-01 3.383516306546108243e-01 1.799519489222639379e+00 -4.678131959356878200e-01 4.202973039489976692e-01 -7.774966173570414529e-01 -7.105427357601001859e-15 -8.470862365246807357e-01 3.778523334225359492e-02 5.301105394459952880e-01 3.552713678800500929e-15 0.000000000000000000e+00 0.000000000000000000e+00 0.000000000000000000e+00 1.000000000000000000e+00 1.200002135847002549e-01 9.792925497352628073e-01 -1.630522945948149893e-01 1.384685325407691181e+00 -1.691249151239014592e-01 -1.416732118970602805e-01 -9.753591462200494888e-01 -7.105427357601001859e-15 -9.782620874918743770e-01 1.446195113523023046e-01 1.486219536685675635e-01 8.881784197001252323e-15 0.000000000000000000e+00 0.000000000000000000e+00 0.000000000000000000e+00 1.000000000000000000e+00
4.989250534846836338e-01 1.185053020631986198e-01 8.585046793047873548e-01 1.799519489222646484e+00 -6.714138193959761081e-01 6.792104248280201872e-01 2.964400140484546031e-01 -8.881784197001252323e-15 -5.479756145390167754e-01 -7.243132555654703264e-01 4.184411950116007084e-01 0.000000000000000000e+00 0.000000000000000000e+00 0.000000000000000000e+00 0.000000000000000000e+00 1.000000000000000000e+00 6.933530031158089413e-01 -6.859811604035019883e-01 -2.206614162959940895e-01 1.384685325407687628e+00 2.678918523601087620e-01 5.296527097712517840e-01 -8.047993305607552550e-01 0.000000000000000000e+00 6.689510957531639157e-01 4.988966371939533850e-01 5.510050606729544054e-01 -7.105427357601001859e-15 0.000000000000000000e+00 0.000000000000000000e+00 0.000000000000000000e+00 1.000000000000000000e+00
9.585933012533858211e-01 1.149816037254515477e-01 -2.605342848779385045e-01 1.799519489222646040e+00 7.967791475542905510e-02 7.700382017696814074e-01 6.330028417910475991e-01 -2.131628207280300558e-14 2.734050341386605742e-01 -6.275511123566259730e-01 7.289919675055406278e-01 7.105427357601001859e-15 0.000000000000000000e+00 0.000000000000000000e+00 0.000000000000000000e+00 1.000000000000000000e+00 6.884070594772833118e-01 5.331057638177754132e-01 -4.918271698941676373e-01 1.384685325407684076e+00 -6.676484290749566952e-01 7.307205695384400013e-01 -1.424535868525620419e-01 7.105427357601001859e-15 2.834454014719283710e-01 4.264336921933868929e-01 8.589604243192657806e-01 -7.105427357601001859e-15 0.000000000000000000e+00 0.000000000000000000e+00 0.000000000000000000e+00 1.000000000000000000e+00
4.099628546307279020e-01 -3.568156422920822080e-02 -9.114040178741705800e-01 1.799519489222646484e+00 -2.193355850946192287e-02 9.985598934350555789e-01 -4.895976137689567187e-02 -1.065814103640150279e-14 9.118384598349297265e-01 4.006201688791320714e-02 4.085898407556604051e-01 3.552713678800500929e-15 0.000000000000000000e+00 0.000000000000000000e+00 0.000000000000000000e+00 1.000000000000000000e+00 5.031515641768002922e-02 9.045441977905921416e-01 -4.234007313149546481e-01 1.384685325407673417e+00 -5.595991042435695395e-02 4.258250314625565691e-01 9.030733807422355319e-01 3.552713678800500929e-15 9.971644164629833718e-01 -2.174481141069656634e-02 7.204366534783535059e-02 0.000000000000000000e+00 0.000000000000000000e+00 0.000000000000000000e+00 0.000000000000000000e+00 1.000000000000000000e+00
3.611378619430793968e-01 3.706215081976155928e-02 -9.317756391148004358e-01 1.799519489222618063e+00 -3.967899571664398328e-01 9.103477990453487934e-01 -1.175781215411443592e-01 0.000000000000000000e+00 8.438822041985696298e-01 4.121811273577461465e-01 3.434669470080946585e-01 -7.105427357601001859e-15 0.000000000000000000e+00 0.000000000000000000e+00 0.000000000000000000e+00 1.000000000000000000e+00 8.748582789578587260e-01 2.251873750819236852e-01 -4.288515335668120487e-01 1.384685325407687628e+00 -3.189319358369396284e-01 9.341573227630202148e-01 -1.601015822268119226e-01 3.552713678800500929e-15 3.645619454114701341e-01 2.768406444724824667e-01 8.890747131292537908e-01 -1.421085471520200372e-14 0.000000000000000000e+00 0.000000000000000000e+00 0.000000000000000000e+00 1.000000000000000000e+00
2.092583469136197749e-01 -8.969728988113448986e-01 3.894233724944509145e-01 1.799519489222637603e+00 9.633582556198646563e-01 1.207704577350429131e-01 -2.394898074397310839e-01 -1.421085471520200372e-14 1.677850278661074113e-01 4.252694620313582918e-01 8.893784734788270363e-01 7.105427357601001859e-15 0.000000000000000000e+00 0.000000000000000000e+00 0.000000000000000000e+00 1.000000000000000000e+00 2.171201751972555716e-01 -2.208666435247496618e-01 -9.508295090606013744e-01 1.384685325407701839e+00 -4.630134461031640281e-01 8.342147826703876223e-01 -2.995066695448873606e-01 8.881784197001252323e-15 8.593470650732366600e-01 5.052757882110611165e-01 7.886063401790166516e-02 0.000000000000000000e+00 0.000000000000000000e+00 0.000000000000000000e+00 0.000000000000000000e+00 1.000000000000000000e+00
-3.591291583037392598e-03 9.975252270812782207e-01 7.021768980256931636e-02 1.799519489222639379e+00 -7.647322113603542970e-01 4.250491008050005792e-02 -6.429447701995489872e-01 -5.773159728050814010e-15 -6.443382244851441065e-01 -5.600673134090994321e-02 7.626870252677957485e-01 7.105427357601001859e-15 0.000000000000000000e+00 0.000000000000000000e+00 0.000000000000000000e+00 1.000000000000000000e+00 4.164015807224739074e-01 -9.052421156392354007e-01 8.453659352509007574e-02 1.384685325407687628e+00 4.661691695621419940e-01 1.327503208310392147e-01 -8.746791741370084639e-01 0.000000000000000000e+00 7.805741661889458172e-01 4.036261443368819313e-01 4.772734087356791388e-01 -2.131628207280300558e-14 0.000000000000000000e+00 0.000000000000000000e+00 0.000000000000000000e+00 1.000000000000000000e+00
2.183274241418486916e-01 -5.797383029195858350e-01 7.850074114271177184e-01 1.799519489222635826e+00 -7.399906280959440974e-02 7.922623503640325859e-01 6.056768997567603119e-01 -2.842170943040400743e-14 -9.730659148130136327e-01 -1.903256901303067294e-01 1.300725071086720197e-01 0.000000000000000000e+00 0.000000000000000000e+00 0.000000000000000000e+00 0.000000000000000000e+00 1.000000000000000000e+00 1.179569464010100655e-01 -9.027276136069170009e-01 4.137257720124646876e-01 1.384685325407676970e+00 9.516984171755006328e-01 -1.616482314262168707e-02 -3.066085798512732108e-01 1.421085471520200372e-14 2.834718355346718677e-01 4.299087741885811997e-01 8.572176878333037653e-01 7.105427357601001859e-15 0.000000000000000000e+00 0.000000000000000000e+00 0.000000000000000000e+00 1.000000000000000000e+00
2.587281925539101080e-01 -9.655018109669212256e-01 2.942745992066976568e-02 1.799519489222632274e+00 2.570233380632040987e-01 9.817785732074391092e-02 9.614052797976282427e-01 -4.263256414560601115e-14 -9.311276636791729899e-01 -2.411791063742950159e-01 2.735578779341983902e-01 -9.769962616701377556e-15 0.000000000000000000e+00 0.000000000000000000e+00 0.000000000000000000e+00 1.000000000000000000e+00 5.173828209229274222e-01 -7.332440636834457459e-01 4.412121481632400588e-01 1.384685325407691181e+00 2.715061467810330198e-01 -3.482943851522741774e-01 -8.972042317842217063e-01 8.881784197001252323e-15 8.115413907336768151e-01 5.839898666452922882e-01 1.887873887905844317e-02 1.421085471520200372e-14 0.000000000000000000e+00 0.000000000000000000e+00 0.000000000000000000e+00 1.000000000000000000e+00
4.747420281377537910e-01 -4.712377052448096793e-01 -7.433404548894525510e-01 1.799519489222639379e+00 6.720168831521360353e-01 -3.513088833855659843e-01 6.519013554310770786e-01 -1.421085471520200372e-14 -5.683426039618537651e-01 -8.090223072388010861e-01 1.498986021011085024e-01 5.329070518200751394e-15 0.000000000000000000e+00 0.000000000000000000e+00 0.000000000000000000e+00 1.000000000000000000e+00 1.574004055309642380e-01 -4.454755346232197599e-01 8.813493407218528919e-01 1.384685325407685852e+00 8.199553114157637213e-01 -4.384296347516636327e-01 -3.680390504451954148e-01 7.105427357601001859e-15 5.503620623005970325e-01 7.805965689289697806e-01 2.962610284133812000e-01 1.421085471520200372e-14 0.000000000000000000e+00 0.000000000000000000e+00 0.000000000000000000e+00 1.000000000000000000e+00
6.270158671550881690e-01 5.523472673978936376e-01 -5.493301361966523855e-01 1.799519489222640267e+00 -5.658575424747610549e-01 -1.617188497302903816e-01 -8.084876345784985929e-01 -7.105427357601001859e-15 -5.354029734323267897e-01 8.177771761549668117e-01 2.111495825234602775e-01 1.421085471520200372e-14 0.000000000000000000e+00 0.000000000000000000e+00 0.000000000000000000e+00 1.000000000000000000e+00 7.686131391929520440e-01 7.862088385821112968e-02 6.348642365744895377e-01 1.384685325407716050e+00 -6.154380010271646162e-01 3.616756004866118479e-01 7.003048099965731854e-01 -1.421085471520200372e-14 -1.745563208584657577e-01 -9.289830550844305757e-01 3.263748982601970550e-01 7.105427357601001859e-15 0.000000000000000000e+00 0.000000000000000000e+00 0.000000000000000000e+00 1.000000000000000000e+00
7.875812570156637271e-02 9.937572312518794249e-01 7.901723211157785087e-02 1.799519489222632274e+00 -3.701238472476331420e-01 1.027469489401635627e-01 -9.232829480620219353e-01 -7.105427357601001859e-15 -9.256378856413489675e-01 4.346987253358511327e-02 3.759054067811832267e-01 1.065814103640150279e-14 0.000000000000000000e+00 0.000000000000000000e+00 0.000000000000000000e+00 1.000000000000000000e+00 7.481618975315742492e-01 -1.078474863430653047e-01 6.546928247441212712e-01 1.384685325407691181e+00 1.818128886854927517e-01 9.822583741780595012e-01 -4.596259201689923551e-02 0.000000000000000000e+00 -6.381205596043673101e-01 1.534190537272266674e-01 7.544963521208378765e-01 3.552713678800500929e-15 0.000000000000000000e+00 0.000000000000000000e+00 0.000000000000000000e+00 1.000000000000000000e+00
8.811446140489642698e-01 2.634337938510363797e-01 3.926662773778153981e-01 1.799519489222625168e+00 -4.711700994712137991e-01 5.590380988097405357e-01 6.822573865070844512e-01 -1.421085471520200372e-14 -3.978575746153808351e-02 -7.861800304869364098e-01 6.167155366672476546e-01 5.329070518200751394e-15 0.000000000000000000e+00 0.000000000000000000e+00 0.000000000000000000e+00 1.000000000000000000e+00 7.319988718001635419e-01 2.173070414815327922e-01 6.457207611698969618e-01 1.384685325407676970e+00 -6.791535153996761665e-01 1.574621757221952301e-01 7.169073620329857732e-01 2.131628207280300558e-14 5.411242189691417570e-02 -9.633189051084671828e-01 2.628469761231322366e-01 -7.105427357601001859e-15 0.000000000000000000e+00 0.000000000000000000e+00 0.000000000000000000e+00 1.000000000000000000e+00
9.581319400057136670e-01 1.393578867971148327e-01 2.501250985573618135e-01 1.799519489222642044e+00 -2.406774959392852242e-01 8.651977396114585162e-01 4.398945490905953881e-01 -1.421085471520200372e-14 -1.551048951170876378e-01 -4.816765001104635346e-01 8.625138959762050916e-01 -2.131628207280300558e-14 0.000000000000000000e+00 0.000000000000000000e+00 0.000000000000000000e+00 1.000000000000000000e+00 9.819603525675651978e-01 7.162534505346396588e-03 -1.889512214431089132e-01 1.384685325407662759e+00 -2.647028853601974749e-03 9.997051009145172529e-01 2.413927181468274522e-02 0.000000000000000000e+00 1.890683982680111119e-01 -2.320364852678691303e-02 9.816897327931132233e-01 1.687538997430237941e-14 0.000000000000000000e+00 0.000000000000000000e+00 0.000000000000000000e+00 1.000000000000000000e+00
2.760692429752834576e-01 -4.807034559224603321e-01 -8.322919923604079617e-01 1.799519489222625168e+00 -2.444501388873432379e-01 8.023524318850759895e-01 -5.444949078238134899e-01 0.000000000000000000e+00 9.295320880319369872e-01 3.537721901341424058e-01 1.039968019060193427e-01 0.000000000000000000e+00 0.000000000000000000e+00 0.000000000000000000e+00 0.000000000000000000e+00 1.000000000000000000e+00 5.315800204579368415e-02 -2.082640849626262725e-01 -9.766270003093193708e-01 1.384685325407687628e+00 4.040174894942569206e-02 9.776575530089133270e-01 -2.062847733751847490e-01 0.000000000000000000e+00 9.977684728935500846e-01 -2.849175247863365568e-02 6.038455547877530361e-02 -8.881784197001252323e-16 0.000000000000000000e+00 0.000000000000000000e+00 0.000000000000000000e+00 1.000000000000000000e+00
8.709696832839659564e-01 -2.162643224694754951e-01 4.411819960368361104e-01 1.799519489222646484e+00 1.444490363024963225e-02 9.088042143463443967e-01 4.169727146294305853e-01 -7.105427357601001859e-15 -4.911243789096006451e-01 -3.567977617826974535e-01 7.946648360331017846e-01 0.000000000000000000e+00 0.000000000000000000e+00 0.000000000000000000e+00 0.000000000000000000e+00 1.000000000000000000e+00 4.176225933143540292e-01 -1.696066075398423578e-01 -8.926505297327839150e-01 1.384685325407687628e+00 -5.085970454360607684e-01 7.704642340131784284e-01 -3.843356729217258239e-01 1.421085471520200372e-14 7.529411762728236424e-01 6.145066824578168108e-01 2.355018519833435020e-01 -5.329070518200751394e-15 0.000000000000000000e+00 0.000000000000000000e+00 0.000000000000000000e+00 1.000000000000000000e+00
4.616692312431269762e-02 5.104754422622114207e-01 8.586521053700580941e-01 1.799519489222621615e+00 -2.970870213953374361e-01 8.276910271599764446e-01 -4.760954371523732354e-01 -5.329070518200751394e-15 -9.537336719061982881e-01 -2.331145349523763843e-01 1.898675766587260005e-01 1.421085471520200372e-14 0.000000000000000000e+00 0.000000000000000000e+00 0.000000000000000000e+00 1.000000000000000000e+00 8.457226503293070463e-01 2.583875687911895147e-01 4.668929888252242866e-01 1.384685325407687628e+00 -4.725680117649683210e-01 -4.373873436840924889e-02 8.802081557065661865e-01 1.421085471520200372e-14 2.478561537998955067e-01 -9.650506657217683415e-01 8.511486129633583086e-02 1.065814103640150279e-14 0.000000000000000000e+00 0.000000000000000000e+00 0.000000000000000000e+00 1.000000000000000000e+00
7.757484263730042295e-01 -5.075328259656172181e-01 -3.749997460627969015e-01 1.799519489222618063e+00 3.386363999606339936e-01 -1.666298083869608426e-01 9.260452988804739327e-01 2.842170943040400743e-14 -5.324845233445842929e-01 -8.453667473495034557e-01 4.260627740382361139e-02 -7.105427357601001859e-15 0.000000000000000000e+00 0.000000000000000000e+00 0.000000000000000000e+00 1.000000000000000000e+00 7.607706553327434618e-01 -6.264323059552484585e-01 1.697367845818288090e-01 1.384685325407683631e+00 6.017698081882582040e-01 5.828719602594548688e-01 -5.460159117611569357e-01 0.000000000000000000e+00 2.431071943354515541e-01 5.175353553129395934e-01 8.203999317792842749e-01 0.000000000000000000e+00 0.000000000000000000e+00 0.000000000000000000e+00 0.000000000000000000e+00 1.000000000000000000e+00
8.680407535803000840e-01 3.457267505069224617e-02 4.952877752010279022e-01 1.799519489222641155e+00 -6.188911503337356235e-02 9.973266265867231084e-01 3.885019101024981408e-02 -1.421085471520200372e-14 -4.926205310014297178e-01 -6.437647117531593299e-02 8.678598287712614434e-01 -3.552713678800500929e-15 0.000000000000000000e+00 0.000000000000000000e+00 0.000000000000000000e+00 1.000000000000000000e+00 9.135868805156832639e-02 5.081649661326625989e-01 8.564005822702867032e-01 1.384685325407679635e+00 -9.361682010814589283e-01 -2.493451095253094163e-01 2.478227504482121701e-01 2.131628207280300558e-14 3.394741365721422599e-01 -8.243757538593681211e-01 4.529480401187282457e-01 7.105427357601001859e-15 0.000000000000000000e+00 0.000000000000000000e+00 0.000000000000000000e+00 1.000000000000000000e+00
1.936625695921674328e-01 7.610822088493975901e-01 6.190708202717044584e-01 1.799519489222636270e+00 -2.174487838203358336e-01 -5.820227448132868631e-01 7.835595388578107112e-01 -1.421085471520200372e-14 9.566665226472681471e-01 -2.863623506903972271e-01 5.278038037996879428e-02 4.440892098500626162e-16 0.000000000000000000e+00 0.000000000000000000e+00 0.000000000000000000e+00 1.000000000000000000e+00 4.961840197255096285e-03 -5.612216032790032783e-01 8.276507066116733924e-01 1.384685325407684076e+00 1.452950690586385929e-01 8.192824569219603337e-01 5.546761205308569087e-01 7.105427357601001859e-15 -9.893759260509134013e-01 1.175013523022665762e-01 8.560788023328391727e-02 -7.105427357601001859e-15 0.000000000000000000e+00 0.000000000000000000e+00 0.000000000000000000e+00 1.000000000000000000e+00
8.493186987212575367e-03 -6.082905261258312324e-01 -7.936690126245068422e-01 1.799519489222634050e+00 3.070538111464110043e-01 -7.537665261941208783e-01 5.809939595638767829e-01 -7.105427357601001859e-15 -9.516542559329329576e-01 -2.486335854521808664e-01 1.803760442795236951e-01 0.000000000000000000e+00 0.000000000000000000e+00 0.000000000000000000e+00 0.000000000000000000e+00 1.000000000000000000e+00 4.143407009749182635e-01 -3.146966512608336264e-01 8.539834900048307587e-01 1.384685325407680523e+00 6.636057593478439376e-01 7.466145457009689679e-01 -4.684139524082465283e-02 7.105427357601001859e-15 -6.228556652034120678e-01 5.861166588939039634e-01 5.181873044479787804e-01 0.000000000000000000e+00 0.000000000000000000e+00 0.000000000000000000e+00 0.000000000000000000e+00 1.000000000000000000e+00
4.339640094124932457e-01 7.423376937356417349e-01 5.104997424033457243e-01 1.799519489222646484e+00 -2.077997930336280830e-01 6.338320937009092049e-01 -7.450343099548525361e-01 -2.131628207280300558e-14 -8.766381719670979233e-01 2.172363354827423765e-01 4.293179357960887899e-01 -7.105427357601001859e-15 0.000000000000000000e+00 0.000000000000000000e+00 0.000000000000000000e+00 1.000000000000000000e+00 4.610758781568246034e-01 8.521379009012572947e-01 2.475278417259602071e-01 1.384685325407659207e+00 -3.908989309020710623e-01 -5.537390608572967388e-02 9.187664318772352789e-01 3.552713678800500929e-15 7.966222821397419551e-01 -5.203794080979834424e-01 3.075682220679851753e-01 0.000000000000000000e+00 0.000000000000000000e+00 0.000000000000000000e+00 0.000000000000000000e+00 1.000000000000000000e+00
6.078729944616267922e-01 7.130433081641301962e-01 -3.493703812383188168e-01 1.799519489222632274e+00 -7.683782977008855042e-01 4.172898412592641604e-01 -4.852463085940041942e-01 -1.421085471520200372e-14 -2.002129222266744724e-01 5.634167454594967150e-01 8.015462286788480606e-01 3.552713678800500929e-15 0.000000000000000000e+00 0.000000000000000000e+00 0.000000000000000000e+00 1.000000000000000000e+00 9.100135994858440380e-01 3.286469704443381601e-01 2.527180594428823923e-01 1.384685325407680523e+00 -3.574612342698751388e-01 9.307674986873717415e-01 7.676802317052951186e-02 0.000000000000000000e+00 -2.099921778187829047e-01 -1.601968545415666800e-01 9.644896334590189468e-01 3.552713678800500929e-15 0.000000000000000000e+00 0.000000000000000000e+00 0.000000000000000000e+00 1.000000000000000000e+00
7.021962938761709960e-01 -2.533883908717989297e-01 6.653680847756153760e-01 1.799519489222653590e+00 7.110914447589217202e-01 2.963557944420275314e-01 -6.375909349193289444e-01 -1.043609643147647148e-14 -3.562754632639310998e-02 9.208515442089648673e-01 3.882822574760859125e-01 1.776356839400250465e-14 0.000000000000000000e+00 0.000000000000000000e+00 0.000000000000000000e+00 1.000000000000000000e+00 2.531155413327222936e-01 -7.418823972429987590e-01 6.209211152769927855e-01 1.384685325407673417e+00 7.684072144185227771e-01 -2.357762935725027376e-01 -5.949452850630717604e-01 -7.105427357601001859e-15 5.877779134719248733e-01 6.277101624557265280e-01 5.103891421106014903e-01 -7.105427357601001859e-15 0.000000000000000000e+00 0.000000000000000000e+00 0.000000000000000000e+00 1.000000000000000000e+00
9.522293677874587026e-01 1.370993688145698275e-01 2.728790834669145848e-01 1.799519489222639379e+00 -1.108568202946262349e-01 9.877920445000706318e-01 -1.094424150708284554e-01 -1.421085471520200372e-14 -2.845522737868416696e-01 7.396377419397356934e-02 9.558029941309669208e-01 -7.105427357601001859e-15 0.000000000000000000e+00 0.000000000000000000e+00 0.000000000000000000e+00 1.000000000000000000e+00 6.361765851953611328e-01 7.647590523205876067e-01 1.020928221908181388e-01 1.384685325407673417e+00 -5.498802765808441517e-01 3.565969907311621334e-01 7.552948216616169885e-01 1.421085471520200372e-14 5.412125588680880561e-01 -5.366397097636329550e-01 6.473845750620416117e-01 0.000000000000000000e+00 0.000000000000000000e+00 0.000000000000000000e+00 0.000000000000000000e+00 1.000000000000000000e+00
4.725778543056562420e-01 8.064630502990659533e-01 3.553695542983222877e-01 1.799519489222637603e+00 -1.798806310263871833e-01 -3.064808836886561139e-01 9.347258563423661570e-01 -1.421085471520200372e-14 8.627358403366645057e-01 -5.056548392290406424e-01 2.310039879743763791e-04 -7.105427357601001859e-15 0.000000000000000000e+00 0.000000000000000000e+00 0.000000000000000000e+00 1.000000000000000000e+00 3.616637312319059827e-02 9.142243611361963729e-02 9.951552299165017379e-01 1.384685325407687628e+00 2.836552475492851860e-02 9.953115726977043165e-01 -9.246767142845131737e-02 3.302913498259840708e-15 -9.989431367502815684e-01 3.157232061590706934e-02 3.340356433727809105e-02 0.000000000000000000e+00 0.000000000000000000e+00 0.000000000000000000e+00 0.000000000000000000e+00 1.000000000000000000e+00
-3.677330611982743136e-02 8.778879301879027874e-01 -4.774520981076711412e-01 1.799519489222632274e+00 -2.078398964843353527e-02 -4.783437800013439212e-01 -8.779266791186604024e-01 -7.105427357601001859e-15 -9.991074765666159152e-01 -2.236090705730148578e-02 3.583629590601511428e-02 0.000000000000000000e+00 0.000000000000000000e+00 0.000000000000000000e+00 0.000000000000000000e+00 1.000000000000000000e+00 4.112727952162980039e-01 -7.666534906269836247e-01 -4.930487939590101343e-01 1.384685325407687628e+00 6.432974971258362817e-01 -1.390900233734946312e-01 7.528760160807325130e-01 7.105427357601001859e-15 -6.457731940136627324e-01 -6.268144786995768492e-01 4.359823289836068927e-01 -3.552713678800500929e-15 0.000000000000000000e+00 0.000000000000000000e+00 0.000000000000000000e+00 1.000000000000000000e+00
-9.144112937460757706e-03 7.561098277838098625e-01 6.543808627453314708e-01 1.799519489222635826e+00 -1.138683026767972790e-02 6.542870576471702115e-01 -7.561605558952831929e-01 -7.105427357601001859e-15 -9.998933569611521133e-01 -1.436574133645851861e-02 2.626819524054191390e-03 -1.776356839400250465e-15 0.000000000000000000e+00 0.000000000000000000e+00 0.000000000000000000e+00 1.000000000000000000e+00 6.905911601377205944e-01 6.501447211111448521e-01 3.168527909786325591e-01 1.384685325407682299e+00 2.126038853266934425e-01 2.362560835844246254e-01 -9.481469563909086240e-01 7.105427357601001859e-15 -6.912911380045541065e-01 7.221460410337102731e-01 2.493306911929304981e-02 2.131628207280300558e-14 0.000000000000000000e+00 0.000000000000000000e+00 0.000000000000000000e+00 1.000000000000000000e+00
1.726833139679339046e-01 8.522950362324187568e-01 4.937343863765535357e-01 1.799519489222653590e+00 -7.702913822821041423e-01 -1.955487251839431728e-01 6.069694246507477686e-01 -7.105427357601001859e-15 6.138661576100910011e-01 -4.851328346881031983e-01 6.227475196646778954e-01 -8.881784197001252323e-16 0.000000000000000000e+00 0.000000000000000000e+00 0.000000000000000000e+00 1.000000000000000000e+00 2.495188897696549724e-01 6.526630240812676398e-01 7.153819264177796455e-01 1.384685325407676970e+00 4.198339060531869338e-02 7.307629773169629361e-01 -6.813390241987679063e-01 -7.105427357601001859e-15 -9.674594144259489603e-01 2.000411157235996440e-01 1.549381601112437279e-01 -7.105427357601001859e-15 0.000000000000000000e+00 0.000000000000000000e+00 0.000000000000000000e+00 1.000000000000000000e+00
5.818823601420888281e-01 3.868478669750974319e-02 8.123523904277260010e-01 1.799519489222628721e+00 7.567350330549369453e-01 3.401714010113426889e-01 -5.582432334398005347e-01 -7.105427357601001859e-15 -2.979345711776596461e-01 9.395674032298845235e-01 1.686656043330577726e-01 7.105427357601001859e-15 0.000000000000000000e+00 0.000000000000000000e+00 0.000000000000000000e+00 1.000000000000000000e+00 9.562831366368207409e-02 -3.219840321563553487e-01 9.419031312519220434e-01 1.384685325407694734e+00 -2.029214208756848978e-02 9.454124290974332823e-01 3.252438590928177220e-01 1.421085471520200372e-14 -9.952102564761570180e-01 -5.021575394660403313e-02 8.387445058082798610e-02 1.243449787580175325e-14 0.000000000000000000e+00 0.000000000000000000e+00 0.000000000000000000e+00 1.000000000000000000e+00
1.368761234378524927e-01 -5.703010988794964264e-01 8.099515932754651759e-01 1.799519489222646484e+00 4.088204453480696055e-01 7.772881264133086887e-01 4.782143996183033097e-01 0.000000000000000000e+00 -9.022919540248776071e-01 2.656686378813407634e-01 3.395429347641344409e-01 -2.131628207280300558e-14 0.000000000000000000e+00 0.000000000000000000e+00 0.000000000000000000e+00 1.000000000000000000e+00 1.866324584490562932e-01 7.404882042464556724e-01 -6.456357679257870297e-01 1.384685325407659207e+00 5.575566755912371442e-02 6.481399228853417238e-01 7.594774163181021720e-01 1.421085471520200372e-14 9.808463850105673121e-01 -1.777409905847345539e-01 7.967753307965530496e-02 -1.421085471520200372e-14 0.000000000000000000e+00 0.000000000000000000e+00 0.000000000000000000e+00 1.000000000000000000e+00
3.760003176613772036e-01 -7.953130273843384002e-01 -4.755007356369725935e-01 1.799519489222648261e+00 6.623094819407330247e-01 -1.282202905587686015e-01 7.381772871203928776e-01 -1.421085471520200372e-14 -6.480508554503585650e-01 -5.924835403298419623e-01 4.785324891669059388e-01 -3.552713678800500929e-15 0.000000000000000000e+00 0.000000000000000000e+00 0.000000000000000000e+00 1.000000000000000000e+00 4.875448168435830842e-01 7.233763630805141176e-01 -4.889035578775893232e-01 1.384685325407687628e+00 -8.638465516242315179e-01 3.183582378511182753e-01 -3.904064134197269276e-01 1.065814103640150279e-14 -1.267642962978181853e-01 6.126782758746542878e-01 7.801000855373494414e-01 0.000000000000000000e+00 0.000000000000000000e+00 0.000000000000000000e+00 0.000000000000000000e+00 1.000000000000000000e+00
8.336785243069166906e-01 5.500000634870968463e-01 -4.980008306851692323e-02 1.799519489222630053e+00 -3.243580133104457808e-01 5.606406885559832576e-01 7.618883760346877310e-01 -7.105427357601001859e-15 4.469586080508378689e-01 -6.190169210123922516e-01 6.457910298150596473e-01 7.105427357601001859e-15 0.000000000000000000e+00 0.000000000000000000e+00 0.000000000000000000e+00 1.000000000000000000e+00 6.880898759483846661e-01 6.171824546517352683e-01 -3.815994500617045371e-01 1.384685325407679635e+00 -6.442759353610536532e-01 2.777051851320746501e-01 -7.125926952091212740e-01 1.243449787580175325e-14 -3.338275628703777920e-01 7.361831618699377078e-01 5.887219296469301533e-01 -1.421085471520200372e-14 0.000000000000000000e+00 0.000000000000000000e+00 0.000000000000000000e+00 1.000000000000000000e+00
4.749934984069992261e-01 5.892071424249897271e-01 6.536177168547818717e-01 1.799519489222639379e+00 -7.993744550806429761e-01 -2.166004991955250425e-02 6.004426057517969761e-01 -8.881784197001252323e-15 3.679424643006094509e-01 -8.076916401405058732e-01 4.607087555186403227e-01 5.329070518200751394e-15 0.000000000000000000e+00 0.000000000000000000e+00 0.000000000000000000e+00 1.000000000000000000e+00 7.868949056475860182e-02 -3.866353300170725094e-01 9.188694606184536484e-01 1.384685325407691181e+00 3.406244943453015650e-01 8.766810861453111503e-01 3.397134484342430039e-01 0.000000000000000000e+00 -9.369006980073534274e-01 2.862575671972128477e-01 2.006830518396279794e-01 0.000000000000000000e+00 0.000000000000000000e+00 0.000000000000000000e+00 0.000000000000000000e+00 1.000000000000000000e+00
