9.279713024659906884e-01 3.681647053754938392e-01 -5.765424108726673047e-02 1.668716634372269247e+00 -3.698425996972464214e-01 9.288477076938950194e-01 -2.140998274121252987e-02 -4.707447412296517086e-01 4.566960968472594945e-02 4.119084397742388964e-02 9.981070088540968666e-01 2.146113974793504298e-01 0.000000000000000000e+00 0.000000000000000000e+00 0.000000000000000000e+00 1.000000000000000000e+00 9.924217904689002223e-01 1.192241989895398285e-01 -2.974189263992578491e-02 2.090493833261810153e+00 -1.192455065496773464e-01 9.928642304305216326e-01 1.062590852091877718e-03 0.000000000000000000e+00 2.965634789068137545e-02 2.492048737625175529e-03 9.995570472578721999e-01 -8.881784197001252323e-16 0.000000000000000000e+00 0.000000000000000000e+00 0.000000000000000000e+00 1.000000000000000000e+00 1.000000000000000000e+00 0.000000000000000000e+00 0.000000000000000000e+00 1.515609090459680175e+00 0.000000000000000000e+00 1.000000000000000000e+00 0.000000000000000000e+00 2.842170943040400743e-14 0.000000000000000000e+00 0.000000000000000000e+00 1.000000000000000000e+00 8.881784197001252323e-16 0.000000000000000000e+00 0.000000000000000000e+00 0.000000000000000000e+00 1.000000000000000000e+00 9.099352851212220150e-01 3.704140266101831891e-01 1.865776668891293844e-01 1.579296776945598779e+00 -3.722749046339346446e-01 9.277500264653768536e-01 -2.629227592445056161e-02 -4.845733256777577935e-01 -1.828364631881597424e-01 -4.553391355817190678e-02 9.820883312843715629e-01 -4.677714594409376758e-01 0.000000000000000000e+00 0.000000000000000000e+00 0.000000000000000000e+00 1.000000000000000000e+00
9.758538342732114845e-01 -1.291020518388753813e-01 1.761872706675026434e-01 1.668716634372252372e+00 2.181219503985693531e-01 5.335430679766592910e-01 -8.171625354654836748e-01 -4.707447412342133930e-01 1.149386308407829120e-02 8.358615045718076342e-01 5.488200399824684217e-01 2.146113974343890618e-01 0.000000000000000000e+00 0.000000000000000000e+00 0.000000000000000000e+00 1.000000000000000000e+00 4.517389284952146866e-01 6.540159380131936873e-01 6.067908151140042339e-01 2.090493833261820811e+00 -8.818580493862157033e-01 4.303529837146029546e-01 1.926724945099258790e-01 1.421085471520200372e-14 -1.351233555486765492e-01 -6.221410308223217500e-01 7.711564151017644697e-01 0.000000000000000000e+00 0.000000000000000000e+00 0.000000000000000000e+00 0.000000000000000000e+00 1.000000000000000000e+00 8.484491930852360309e-01 1.165318650473571027e-01 -5.162889609333096708e-01 1.515609090459676622e+00 -4.245417329612705681e-01 7.323527165598689992e-01 -5.323756338541626443e-01 3.552713678800500929e-14 3.160668975505869227e-01 6.708798871452064105e-01 6.708367113514153157e-01 0.000000000000000000e+00 0.000000000000000000e+00 0.000000000000000000e+00 0.000000000000000000e+00 1.000000000000000000e+00 -1.526781403739767562e-01 -6.297511559073140086e-01 7.616448431423574750e-01 1.579296776945584568e+00 9.565650061075436916e-02 7.576449394285175165e-01 6.456190669808806737e-01 -4.845733256828594904e-01 -9.836357147556453739e-01 1.714281989398476480e-01 -5.543602858602914019e-02 -4.677714594858848329e-01 0.000000000000000000e+00 0.000000000000000000e+00 0.000000000000000000e+00 1.000000000000000000e+00
5.018165082056089688e-01 -5.996839819198506241e-03 -8.649533108812943460e-01 1.668716634372259477e+00 -1.274695078302996165e-01 9.885452553156703903e-01 -8.080719501614525013e-02 -4.707447412342311566e-01 8.555300793460340891e-01 1.508055572751184348e-01 4.953039140054414924e-01 2.146113974343748509e-01 0.000000000000000000e+00 0.000000000000000000e+00 0.000000000000000000e+00 1.000000000000000000e+00 -2.626490694267991088e-02 9.571495037194200917e-01 -2.884007319563530181e-01 2.090493833261803047e+00 -6.424389248195421231e-01 2.048730487909988796e-01 7.384438108318002181e-01 1.776356839400250465e-14 7.658866642917888656e-01 2.046750141291036051e-01 6.095291264995038594e-01 1.065814103640150279e-14 0.000000000000000000e+00 0.000000000000000000e+00 0.000000000000000000e+00 1.000000000000000000e+00 6.546195824723342049e-01 -7.113618478319105876e-01 -2.558075911557677329e-01 1.515609090459687280e+00 4.317226899672661489e-01 7.401604100749636928e-02 8.989644846383000321e-01 1.421085471520200372e-14 -6.205551717705481973e-01 -6.989176969591958111e-01 3.555634003466598969e-01 -7.105427357601001859e-15 0.000000000000000000e+00 0.000000000000000000e+00 0.000000000000000000e+00 1.000000000000000000e+00 4.820381341886087467e-01 -8.723222908748449189e-01 -8.181111190313543335e-02 1.579296776945597003e+00 7.133360989458328305e-01 3.365305129846206666e-01 6.147347588765817994e-01 -4.845733256828985702e-01 -5.087148976870107253e-01 -3.546844156051553454e-01 7.844795205727957965e-01 -4.677714594858999320e-01 0.000000000000000000e+00 0.000000000000000000e+00 0.000000000000000000e+00 1.000000000000000000e+00
7.178444932069372175e-02 5.382718883939571208e-01 -8.397085012077276645e-01 1.668716634372284346e+00 4.685352252698916226e-02 8.391312648350488512e-01 5.419072501850700219e-01 -4.707447412342240511e-01 9.963190956026777290e-01 -7.824381471486722972e-02 3.501664170544993571e-02 2.146113974343677455e-01 0.000000000000000000e+00 0.000000000000000000e+00 0.000000000000000000e+00 1.000000000000000000e+00 5.711811815820588834e-04 3.410270059754272332e-01 -9.400533255871676985e-01 2.090493833261810153e+00 -9.101301952355278502e-01 3.896621630605013875e-01 1.408063436055038420e-01 1.093569679255779192e-14 4.143219780226457538e-01 8.554904908147413778e-01 3.106015432237178020e-01 7.105427357601001859e-15 0.000000000000000000e+00 0.000000000000000000e+00 0.000000000000000000e+00 1.000000000000000000e+00 1.652577816044498160e-02 -9.646345902046220555e-01 -2.630722449004319063e-01 1.515609090459678399e+00 2.164193512329694036e-01 -2.534199621021349103e-01 9.428366704896735673e-01 -7.105427357601001859e-15 -9.761606236004873871e-01 -7.251503422679729527e-02 2.045776301138372277e-01 1.421085471520200372e-14 0.000000000000000000e+00 0.000000000000000000e+00 0.000000000000000000e+00 1.000000000000000000e+00 9.890402899355681399e-01 -1.476347529882109377e-01 1.812344966399898061e-03 1.579296776945607661e+00 6.745109828530276852e-02 4.408837096514619525e-01 -8.950262029147928455e-01 -4.845733256828896884e-01 1.313379390133472546e-01 8.853392198892329201e-01 4.460098782556849439e-01 -4.677714594859097019e-01 0.000000000000000000e+00 0.000000000000000000e+00 0.000000000000000000e+00 1.000000000000000000e+00
3.407201737203655600e-01 9.356891584973048293e-01 9.162729882829445671e-02 1.668716634372232832e+00 -3.619530627511318155e-01 2.204958272552209886e-01 -9.057436560794178693e-01 -4.707447412342204984e-01 -8.676979564255289379e-01 2.754403544029839224e-01 4.138029332681433248e-01 2.146113974344245889e-01 0.000000000000000000e+00 0.000000000000000000e+00 0.000000000000000000e+00 1.000000000000000000e+00 4.256317884798035411e-01 8.963236703076461476e-01 -1.242636659756732320e-01 2.090493833261810153e+00 -8.652076388138848495e-01 3.628845796623618725e-01 -3.460209871978476293e-01 2.131628207280300558e-14 -2.650534330537635541e-01 2.547914046617366091e-01 9.299612990533063783e-01 0.000000000000000000e+00 0.000000000000000000e+00 0.000000000000000000e+00 0.000000000000000000e+00 1.000000000000000000e+00 4.229531627384589543e-01 -6.649950645332814991e-01 6.155421888675961517e-01 1.515609090459697939e+00 5.295232160552757472e-01 -3.698580057214808647e-01 -7.634200804682875763e-01 1.332267629550187849e-14 7.353337920890160584e-01 6.488348169989847092e-01 1.956977119485094896e-01 3.552713678800500929e-15 0.000000000000000000e+00 0.000000000000000000e+00 0.000000000000000000e+00 1.000000000000000000e+00 3.179985332328162384e-01 9.407130933700743602e-01 -1.180500267847637286e-01 1.579296776945573910e+00 -3.112989405766036777e-01 2.212101629105206468e-01 9.242072459253851680e-01 -4.845733256828914648e-01 8.955277228861548977e-01 -2.571477003342765855e-01 3.631874966943815508e-01 -4.677714594858599639e-01 0.000000000000000000e+00 0.000000000000000000e+00 0.000000000000000000e+00 1.000000000000000000e+00
2.020825523439429006e-02 -9.874970281739730016e-01 -1.563369622576610829e-01 1.668716634372238161e+00 -3.188773009859630081e-02 1.556527426813851811e-01 -9.872970152719604542e-01 -4.707447412342560256e-01 9.992871454639755679e-01 2.493678093367823756e-02 -2.834356835553863974e-02 2.146113974344316944e-01 0.000000000000000000e+00 0.000000000000000000e+00 0.000000000000000000e+00 1.000000000000000000e+00 1.989246934728772231e-02 -8.423063263827499370e-01 -5.386319171743013667e-01 2.090493833261803047e+00 1.109927005329018196e-01 5.372689323961445940e-01 -8.360757828751652632e-01 2.131628207280300558e-14 9.936221163458875960e-01 -4.315259919753619555e-02 1.041774596101094907e-01 5.329070518200751394e-15 0.000000000000000000e+00 0.000000000000000000e+00 0.000000000000000000e+00 1.000000000000000000e+00 4.832290481096269685e-01 8.358618996953890434e-01 -2.604315105755821147e-01 1.515609090459694386e+00 -5.091141908375580449e-01 5.102856139517251144e-01 6.931171133955138508e-01 2.842170943040400743e-14 7.122446403805945403e-01 -2.023449451593161974e-01 6.721339862092906570e-01 7.105427357601001859e-15 0.000000000000000000e+00 0.000000000000000000e+00 0.000000000000000000e+00 1.000000000000000000e+00 3.834954320412623519e-01 6.625903837624155246e-01 -6.433546743041979044e-01 1.579296776945579239e+00 -5.870784807716096509e-02 7.126970041879358009e-01 6.990109933296403399e-01 -4.845733256828879121e-01 9.216749113313407182e-01 -2.302975544097601579e-01 3.122153011228775421e-01 -4.677714594858350949e-01 0.000000000000000000e+00 0.000000000000000000e+00 0.000000000000000000e+00 1.000000000000000000e+00
-2.640657108046373658e-02 8.431411805618997946e-01 -5.370434271494791689e-01 1.668716634372266583e+00 -4.568798177223581253e-02 5.356514487141741387e-01 8.432023089460713994e-01 -4.707447412342560256e-01 9.986066799923540849e-01 4.680251201690004831e-02 2.437670083410936606e-02 2.146113974343686337e-01 0.000000000000000000e+00 0.000000000000000000e+00 0.000000000000000000e+00 1.000000000000000000e+00 -2.843396032170919518e-02 3.692050867985909313e-01 -9.289128666255347389e-01 2.090493833261788836e+00 -1.017986866810510543e-03 9.292774255684511653e-01 3.693811446617311645e-01 7.993605777301127091e-15 9.995951548517841845e-01 1.144858990953528770e-02 -2.604719151695267243e-02 -1.421085471520200372e-14 0.000000000000000000e+00 0.000000000000000000e+00 0.000000000000000000e+00 1.000000000000000000e+00 4.121931384152873745e-01 8.314517074641648575e-01 3.725384205666314452e-01 1.515609090459690833e+00 4.994546202932656671e-03 4.068219715726630881e-01 -9.134938083829347022e-01 2.131628207280300558e-14 -9.110828014794167817e-01 3.783965401541826701e-01 1.635365012703938747e-01 0.000000000000000000e+00 0.000000000000000000e+00 0.000000000000000000e+00 0.000000000000000000e+00 1.000000000000000000e+00 2.150384996811551819e-01 -3.329278148560805839e-01 -9.181053935959820889e-01 1.579296776945589897e+00 -3.929376017069499682e-02 9.363876868786743524e-01 -3.487608066765152670e-01 -4.845733256829021229e-01 9.758147590944327154e-01 1.110728137626893347e-01 1.882774175951890117e-01 -4.677714594859061492e-01 0.000000000000000000e+00 0.000000000000000000e+00 0.000000000000000000e+00 1.000000000000000000e+00
7.235818296660083693e-01 -5.025772895566641418e-01 -4.731230324123618658e-01 1.668716634372282570e+00 4.227669691790447715e-02 7.164311477569103026e-01 -6.963756826752552920e-01 -4.707447412342133930e-01 6.889426802535196792e-01 4.838827115588996142e-01 5.396438684720725742e-01 2.146113974343446529e-01 0.000000000000000000e+00 0.000000000000000000e+00 0.000000000000000000e+00 1.000000000000000000e+00 5.039349354527922209e-02 3.269620724625455499e-01 -9.436929050169334809e-01 2.090493833261831469e+00 -2.247397299349607191e-02 9.450254282288184093e-01 3.262236357758676597e-01 3.552713678800500929e-14 9.984765477196696493e-01 4.768980177715709257e-03 5.497126960399445483e-02 2.220446049250313081e-15 0.000000000000000000e+00 0.000000000000000000e+00 0.000000000000000000e+00 1.000000000000000000e+00 6.771806101124544508e-01 -3.325074402565482701e-01 -6.564032476014740602e-01 1.515609090459691943e+00 -3.466239825198932922e-01 6.427397399543253176e-01 -6.831818509192812972e-01 1.421085471520200372e-14 6.490595011474469267e-01 6.901626104458893352e-01 3.199958360865700069e-01 7.105427357601001859e-15 0.000000000000000000e+00 0.000000000000000000e+00 0.000000000000000000e+00 1.000000000000000000e+00 3.480359274222245558e-01 5.263857223305687949e-01 -7.757506458584985110e-01 1.579296776945612990e+00 -9.155765816910054200e-01 3.686841932752086270e-01 -1.605972872997004919e-01 -4.845733256828879121e-01 2.014708819714798316e-01 7.661527504065583916e-01 6.102617854348246773e-01 -4.677714594859327946e-01 0.000000000000000000e+00 0.000000000000000000e+00 0.000000000000000000e+00 1.000000000000000000e+00
1.009423604472676761e-01 9.945648253709513664e-01 -2.552347942939513573e-02 1.668716634372291896e+00 -6.585333172963594994e-02 3.227757282408805217e-02 9.973071227022757279e-01 -4.707447412342098403e-01 9.927104202976012592e-01 -9.898972889868191960e-02 6.875358176215284889e-02 2.146113974343535347e-01 0.000000000000000000e+00 0.000000000000000000e+00 0.000000000000000000e+00 1.000000000000000000e+00 3.616058418436820521e-01 4.349337385422476498e-01 8.246659070327726493e-01 2.090493833261810153e+00 -6.838293356260972677e-01 -4.775081547952535477e-01 5.516914009128673912e-01 3.375077994860475883e-14 6.337338991104169983e-01 -7.634255727847316653e-01 1.247507111667589541e-01 0.000000000000000000e+00 0.000000000000000000e+00 0.000000000000000000e+00 0.000000000000000000e+00 1.000000000000000000e+00 1.807590260825839845e-01 -7.137232170191142311e-01 -6.767018131921638258e-01 1.515609090459690833e+00 2.249772886244864600e-01 6.997983043288191762e-01 -6.779878707334549004e-01 1.065814103640150279e-14 9.574504656079342313e-01 -2.969011192966269225e-02 2.870663741380272693e-01 -2.131628207280300558e-14 0.000000000000000000e+00 0.000000000000000000e+00 0.000000000000000000e+00 1.000000000000000000e+00 7.457931371185210212e-01 4.297017202613917508e-01 5.090668209884784412e-01 1.579296776945615211e+00 -2.053491585381696516e-01 8.752357196958231444e-01 -4.379430991078638868e-01 -4.845733256828772539e-01 -6.337383685043699311e-01 2.220785144333760619e-01 7.409836797882152215e-01 -4.677714594859310182e-01 0.000000000000000000e+00 0.000000000000000000e+00 0.000000000000000000e+00 1.000000000000000000e+00
1.558753237493734067e-01 -2.543297790845093220e-01 -9.544732824531302340e-01 1.668716634372273688e+00 4.113528903938307862e-02 9.671175438674689540e-01 -2.509811633158963717e-01 -4.707447412342133930e-01 9.869198404336972930e-01 -1.407642672185405717e-04 1.612116892280042180e-01 2.146113974343695219e-01 0.000000000000000000e+00 0.000000000000000000e+00 0.000000000000000000e+00 1.000000000000000000e+00 2.843300125351154728e-01 -4.598024645580946479e-01 8.412717382380580089e-01 2.090493833261817258e+00 2.958064485199780602e-01 8.767508741297191932e-01 3.792182085907413458e-01 1.865174681370262988e-14 -9.119511987961740340e-01 1.410304871262789417e-01 3.852991210931394628e-01 0.000000000000000000e+00 0.000000000000000000e+00 0.000000000000000000e+00 0.000000000000000000e+00 1.000000000000000000e+00 9.457113306221476279e-01 2.976387557613415780e-01 -1.305421395631591319e-01 1.515609090459719255e+00 -2.560024161290900269e-01 4.347335400499171554e-01 -8.634057632954134087e-01 0.000000000000000000e+00 -2.002319706464357474e-01 8.499517164077660114e-01 4.873286752352434803e-01 2.664535259100375697e-15 0.000000000000000000e+00 0.000000000000000000e+00 0.000000000000000000e+00 1.000000000000000000e+00 -1.522936355360660077e-01 -6.970668271981363961e-01 7.006457642740241409e-01 1.579296776945611214e+00 3.354610553225968045e-02 7.048608037505326163e-01 7.085519784319084247e-01 -4.845733256828737012e-01 -9.877658160610878202e-01 1.314118935107347619e-01 -8.396193700181608932e-02 -4.677714594859070374e-01 0.000000000000000000e+00 0.000000000000000000e+00 0.000000000000000000e+00 1.000000000000000000e+00
6.662588420371898801e-01 6.381805873713674027e-01 3.857780363234787901e-01 1.668716634372273688e+00 -4.866346681287992415e-01 -1.990919656251244341e-02 8.733786828560728965e-01 -4.707447412342133930e-01 5.650538515773839698e-01 -7.696292365773093058e-01 2.972961200940773541e-01 2.146113974343748509e-01 0.000000000000000000e+00 0.000000000000000000e+00 0.000000000000000000e+00 1.000000000000000000e+00 3.655533180046169894e-01 4.387730637256779809e-01 8.208830429754272462e-01 2.090493833261788836e+00 -2.679046649892127263e-01 8.941985599150329422e-01 -3.586586481919805114e-01 1.598721155460225418e-14 -8.914021887862026983e-01 -8.880953774602833029e-02 4.444266011756088375e-01 1.421085471520200372e-14 0.000000000000000000e+00 0.000000000000000000e+00 0.000000000000000000e+00 1.000000000000000000e+00 5.740846873809325457e-01 -7.524541604709341636e-01 -3.228614379338582419e-01 1.515609090459703268e+00 2.434595536695671747e-03 3.958793881660536140e-01 -9.182992882333317342e-01 2.131628207280300558e-14 8.187923085003362411e-01 5.263955227918001301e-01 2.291002163365143396e-01 1.421085471520200372e-14 0.000000000000000000e+00 0.000000000000000000e+00 0.000000000000000000e+00 1.000000000000000000e+00 4.991446267456619568e-01 -7.456896412934452822e-01 -4.413633429030856536e-01 1.579296776945597003e+00 8.242897655699170656e-01 5.656793544971036036e-01 -2.352127276384824439e-02 -4.845733256828879121e-01 2.672097003621406452e-01 -3.520707695384454605e-01 8.970201498678732621e-01 -4.677714594858954911e-01 0.000000000000000000e+00 0.000000000000000000e+00 0.000000000000000000e+00 1.000000000000000000e+00
2.047871734191089033e-01 8.491312827074393166e-01 -4.868657703419194682e-01 1.668716634372259477e+00 -2.976987007961141574e-01 5.278765374659248888e-01 7.954381463931005092e-01 -4.707447412342204984e-01 9.324364306199740549e-01 -1.795622233668980536e-02 3.608876236892556433e-01 2.146113974344006081e-01 0.000000000000000000e+00 0.000000000000000000e+00 0.000000000000000000e+00 1.000000000000000000e+00 7.756211574071614212e-02 2.386642864101761463e-01 -9.679997296456982481e-01 2.090493833261795942e+00 3.911323245289233252e-01 8.858026513211005870e-01 2.497381981618144731e-01 2.842170943040400743e-14 9.170603158519207154e-01 -3.979862074303959218e-01 -2.464458936044855442e-02 0.000000000000000000e+00 0.000000000000000000e+00 0.000000000000000000e+00 0.000000000000000000e+00 1.000000000000000000e+00 1.263729613612856184e-01 -6.203088580195257329e-01 7.741103250178821282e-01 1.515609090459689057e+00 9.517590644508356901e-01 -1.441462581863486303e-01 -2.708810430549632442e-01 1.065814103640150279e-14 2.796150172513080512e-01 7.709985583082413774e-01 5.721683888630724191e-01 -7.105427357601001859e-15 0.000000000000000000e+00 0.000000000000000000e+00 0.000000000000000000e+00 1.000000000000000000e+00 4.123016881879102424e-01 6.894924304237934898e-01 -5.954892999086460748e-01 1.579296776945589897e+00 -7.525778366502824390e-01 -1.106179827508646518e-01 -6.491457938513582882e-01 -4.845733256828808067e-01 -5.134529362075750392e-01 7.157959557586361932e-01 4.732887406429614474e-01 -4.677714594858795039e-01 0.000000000000000000e+00 0.000000000000000000e+00 0.000000000000000000e+00 1.000000000000000000e+00
1.340621900007397116e-01 9.877052156638286284e-01 -8.040980140924967878e-02 1.668716634372259477e+00 -6.761337174087141966e-01 1.504894681133495116e-01 7.212462243714237164e-01 -4.707447412342204984e-01 7.244794858346773614e-01 -4.232407042606544517e-02 6.879957468380824004e-01 2.146113974343606401e-01 0.000000000000000000e+00 0.000000000000000000e+00 0.000000000000000000e+00 1.000000000000000000e+00 4.257261324879051401e-01 -2.765031568349052837e-01 -8.615702318309416130e-01 2.090493833261810153e+00 2.602126398160207743e-01 9.493570623423233101e-01 -1.760981267950682827e-01 2.131628207280300558e-14 8.666294722641668669e-01 -1.492218899528011400e-01 4.761157268585503033e-01 0.000000000000000000e+00 0.000000000000000000e+00 0.000000000000000000e+00 0.000000000000000000e+00 1.000000000000000000e+00 5.199860114087340168e-01 7.437525269117778448e-01 -4.200556232828948633e-01 1.515609090459683728e+00 2.392869856817737007e-01 3.452403034149224004e-01 9.074970365688821428e-01 7.105427357601001859e-15 8.199733449463870727e-01 -5.723996083247416822e-01 1.549828092344940345e-03 -7.105427357601001859e-15 0.000000000000000000e+00 0.000000000000000000e+00 0.000000000000000000e+00 1.000000000000000000e+00 5.219319670349807927e-01 2.860720215674510958e-01 -8.035856023245486757e-01 1.579296776945597003e+00 -6.477944648356868118e-01 7.458317736528294883e-01 -1.552330400981718206e-01 -4.845733256828879121e-01 5.549318454686501534e-01 6.015793911747527867e-01 5.745893168155599140e-01 -4.677714594859168074e-01 0.000000000000000000e+00 0.000000000000000000e+00 0.000000000000000000e+00 1.000000000000000000e+00
-1.083214137494437068e-02 9.996430893914847182e-01 -2.442045341679072168e-02 1.668716634372273688e+00 -9.581843278482458093e-01 -3.392936123777667845e-03 2.861315813580626033e-01 -4.707447412342258275e-01 2.859466009226877548e-01 2.649871348402393911e-02 9.578790944604923530e-01 2.146113974343677455e-01 0.000000000000000000e+00 0.000000000000000000e+00 0.000000000000000000e+00 1.000000000000000000e+00 5.713655199934337681e-01 -5.786127436484413966e-01 5.820212499988777211e-01 2.090493833261788836e+00 7.710536835459400606e-01 6.213671131958679039e-01 -1.392089355209314983e-01 2.131628207280300558e-14 -2.811007998083080994e-01 5.283088145452965456e-01 8.011692310747293710e-01 -8.881784197001252323e-15 0.000000000000000000e+00 0.000000000000000000e+00 0.000000000000000000e+00 1.000000000000000000e+00 6.535393642382502088e-01 4.303544405807557816e-01 -6.226406305915865858e-01 1.515609090459683728e+00 5.060822878778987732e-01 3.632440133364289725e-01 7.822624269843950762e-01 -7.105427357601001859e-15 5.628205906746264198e-01 -8.263466840543799430e-01 1.959950165171808756e-02 1.421085471520200372e-14 0.000000000000000000e+00 0.000000000000000000e+00 0.000000000000000000e+00 1.000000000000000000e+00 9.911793255921695911e-01 -1.020728231101531991e-01 -8.452622847953925045e-02 1.579296776945614766e+00 1.143003070065619076e-01 9.812140394549181410e-01 1.554170151391668087e-01 -4.845733256828896884e-01 6.707446859168986197e-02 -1.637075061165055023e-01 9.842260249070112765e-01 -4.677714594859025965e-01 0.000000000000000000e+00 0.000000000000000000e+00 0.000000000000000000e+00 1.000000000000000000e+00
2.300676055837557188e-01 8.971274856720384827e-01 -3.771354813760219304e-01 1.668716634372245267e+00 -9.731280927484896592e-01 2.158698030271442025e-01 -8.013702792535346009e-02 -4.707447412342595783e-01 9.519031707286768063e-03 3.854380658326164166e-01 9.226846077845708427e-01 2.146113974343606401e-01 0.000000000000000000e+00 0.000000000000000000e+00 0.000000000000000000e+00 1.000000000000000000e+00 -4.804474971195515920e-03 9.456307226426527990e-01 -3.252067856219878483e-01 2.090493833261803047e+00 -6.865559516278439967e-01 -2.395699346860513668e-01 -6.864744508566263947e-01 7.105427357601001859e-15 -7.270610994301900387e-01 2.199745048610303177e-01 6.503794084275023035e-01 7.105427357601001859e-15 0.000000000000000000e+00 0.000000000000000000e+00 0.000000000000000000e+00 1.000000000000000000e+00 4.252552938041286312e-01 -6.192719881058209586e-01 6.600455589116770438e-01 1.515609090459690833e+00 1.848213190226230263e-01 7.733233282979774526e-01 6.064751519599763663e-01 3.552713678800500929e-15 -8.860017015369112681e-01 -1.359162781185626612e-01 4.433145048564229862e-01 -1.421085471520200372e-14 0.000000000000000000e+00 0.000000000000000000e+00 0.000000000000000000e+00 1.000000000000000000e+00 2.214751597777926406e-01 -1.539910234147438550e-01 9.629306923704742394e-01 1.579296776945589897e+00 1.836357642314837557e-01 9.763727427637168832e-01 1.139042285570452118e-01 -4.845733256829163338e-01 -9.577195099278911217e-01 1.516015563763660479e-01 2.445205684758305908e-01 -4.677714594859168074e-01 0.000000000000000000e+00 0.000000000000000000e+00 0.000000000000000000e+00 1.000000000000000000e+00
-3.836822390859206955e-02 8.923246128462965221e-02 -9.952715444777808784e-01 1.668716634372231056e+00 -4.739168460550635155e-03 9.959774832628595087e-01 8.947845056594909419e-02 -4.707447412342240511e-01 9.992524304080538933e-01 8.149888739580829836e-03 -3.779099941956798325e-02 2.146113974343606401e-01 0.000000000000000000e+00 0.000000000000000000e+00 0.000000000000000000e+00 1.000000000000000000e+00 5.804276691665508636e-01 1.394895986751990835e-01 8.022757460669723839e-01 2.090493833261805712e+00 2.066154294516752699e-01 9.277507681366697900e-01 -3.107870276158883893e-01 1.421085471520200372e-14 -7.876634974266517597e-01 3.461519378585812268e-01 5.096715125827263604e-01 0.000000000000000000e+00 0.000000000000000000e+00 0.000000000000000000e+00 0.000000000000000000e+00 1.000000000000000000e+00 8.375198609609018074e-01 5.442492158773132305e-01 -4.851055053245227622e-02 1.515609090459690833e+00 -2.882454702039424221e-01 5.154940969443221332e-01 8.069574864405597570e-01 1.421085471520200372e-14 4.641928816806005775e-01 -6.618599753969774957e-01 5.886139155376572951e-01 7.105427357601001859e-15 0.000000000000000000e+00 0.000000000000000000e+00 0.000000000000000000e+00 1.000000000000000000e+00 5.491986470487643102e-01 6.009777556387554398e-01 5.806949141392675484e-01 1.579296776945568581e+00 -8.345244420406298103e-01 3.576822781412133390e-01 4.190851268423723130e-01 -4.845733256828896884e-01 4.415655915696254513e-02 -7.147650838779942006e-01 6.979692494317364382e-01 -4.677714594859168074e-01 0.000000000000000000e+00 0.000000000000000000e+00 0.000000000000000000e+00 1.000000000000000000e+00
8.423063063762616931e-01 -4.555395286120071940e-01 2.881038425823743698e-01 1.668716634372259477e+00 5.325802541089570408e-01 6.211581965042745068e-01 -5.749093562021720949e-01 -4.707447412342489201e-01 8.293587385455088168e-02 6.376881940160941120e-01 7.658168240777127878e-01 2.146113974343570874e-01 0.000000000000000000e+00 0.000000000000000000e+00 0.000000000000000000e+00 1.000000000000000000e+00 1.609491704421124325e-01 -3.037510320460253821e-01 -9.390583981121570778e-01 2.090493833261803047e+00 4.083454423549071066e-03 9.516597079130153514e-01 -3.071272142531252802e-01 2.842170943040400743e-14 9.869542491594870404e-01 4.559726818449547081e-02 1.544091940272487307e-01 -7.105427357601001859e-15 0.000000000000000000e+00 0.000000000000000000e+00 0.000000000000000000e+00 1.000000000000000000e+00 9.442389055888041893e-01 3.129983310027695254e-01 -1.022004596953365735e-01 1.515609090459692609e+00 -2.972946234407860544e-01 9.438705030235315929e-01 1.439596484967459178e-01 0.000000000000000000e+00 1.415231290131003239e-01 -1.055486537649159978e-01 9.842919717455563822e-01 0.000000000000000000e+00 0.000000000000000000e+00 0.000000000000000000e+00 0.000000000000000000e+00 1.000000000000000000e+00 2.117022539228388123e-01 -4.827291729566141054e-01 8.497968588201613160e-01 1.579296776945597003e+00 3.817574410307753574e-01 8.412720008182313913e-01 3.827828063757877097e-01 -4.845733256829116709e-01 -8.996907312524810019e-01 2.433802913465120121e-01 3.623846325142153768e-01 -4.677714594859132546e-01 0.000000000000000000e+00 0.000000000000000000e+00 0.000000000000000000e+00 1.000000000000000000e+00
6.313451242987879741e-01 -2.560874699931874887e-01 -7.319990039177896035e-01 1.668716634372241714e+00 -2.939113966966555025e-01 7.944727248634990691e-01 -5.314406649286335105e-01 -4.707447412342204984e-01 7.176485385730043687e-01 5.506653222788367996e-01 4.263194552487320488e-01 2.146113974343393238e-01 0.000000000000000000e+00 0.000000000000000000e+00 0.000000000000000000e+00 1.000000000000000000e+00 2.502574970658105746e-01 -8.773970096354458681e-01 -4.093234328072767325e-01 2.090493833261803047e+00 3.877906502349532936e-01 4.782203564841829291e-01 -7.879871206019126717e-01 1.421085471520200372e-14 8.871243412017890684e-01 3.846788435719267901e-02 4.599245863403843559e-01 7.105427357601001859e-15 0.000000000000000000e+00 0.000000000000000000e+00 0.000000000000000000e+00 1.000000000000000000e+00 1.293036579603256131e-01 -8.386305820940438416e-01 5.291307124092162750e-01 1.515609090459683728e+00 3.507488739286253598e-01 5.377947367007196444e-01 7.666498865941383523e-01 1.065814103640150279e-14 -9.274997528171535777e-01 8.646136682709283650e-02 3.636875589988065594e-01 0.000000000000000000e+00 0.000000000000000000e+00 0.000000000000000000e+00 0.000000000000000000e+00 1.000000000000000000e+00 5.491583288818903119e-01 2.951131833894826140e-01 7.818780843644199674e-01 1.579296776945570357e+00 7.799363201477131913e-01 1.551004794003365550e-01 -6.063358622118847352e-01 -4.845733256828808067e-01 -3.002073722180943482e-01 9.427895047567678155e-01 -1.449947702036014086e-01 -4.677714594859381236e-01 0.000000000000000000e+00 0.000000000000000000e+00 0.000000000000000000e+00 1.000000000000000000e+00
7.016169795006599319e-02 5.158551101232856650e-01 8.537978926540263913e-01 1.668716634372287899e+00 -2.845307010893388666e-01 8.307001286696993336e-01 -4.785181045328946725e-01 -4.707447412342661841e-01 -9.560960287954201053e-01 -2.093580702715751862e-01 2.050599476587010583e-01 2.146113974343464292e-01 0.000000000000000000e+00 0.000000000000000000e+00 0.000000000000000000e+00 1.000000000000000000e+00 7.771952470544661873e-01 -6.014924376076039580e-01 -1.848631803708077892e-01 2.090493833261803047e+00 3.085271559244234796e-01 1.082016354793560176e-01 9.450414806434579429e-01 1.421085471520200372e-14 -5.484328053764961908e-01 -7.915170583003598992e-01 2.696705479031982211e-01 2.131628207280300558e-14 0.000000000000000000e+00 0.000000000000000000e+00 0.000000000000000000e+00 1.000000000000000000e+00 7.284964708818131296e-02 7.011854732862199402e-01 7.092473905285144875e-01 1.515609090459691721e+00 -6.686511575414231245e-01 -4.933049363384296448e-01 5.563774521874988999e-01 0.000000000000000000e+00 7.399990259707388551e-01 -5.147709896998058365e-01 4.329113878449492026e-01 -7.105427357601001859e-15 0.000000000000000000e+00 0.000000000000000000e+00 0.000000000000000000e+00 1.000000000000000000e+00 7.106926064045702152e-01 3.796825834452778325e-01 5.922475453982043447e-01 1.579296776945618319e+00 5.559685314996765104e-01 2.127120105633600877e-01 -8.035251038668214107e-01 -4.845733256829221625e-01 -4.310626534321568837e-01 9.003303484779419108e-01 -5.991871515324365127e-02 -4.677714594859239128e-01 0.000000000000000000e+00 0.000000000000000000e+00 0.000000000000000000e+00 1.000000000000000000e+00
4.707045826504208108e-02 8.317708670737954113e-02 -9.954224953282864163e-01 1.668716634372287899e+00 -6.154194334504710096e-01 -7.825157782436444887e-01 -9.448797664912260419e-02 -4.707447412342489201e-01 -7.867930432395932039e-01 6.170499404801987886e-01 1.435541929596162447e-02 2.146113974343948350e-01 0.000000000000000000e+00 0.000000000000000000e+00 0.000000000000000000e+00 1.000000000000000000e+00 2.847735042854206977e-01 -5.898808097274746975e-01 7.556088151763851180e-01 2.090493833261813705e+00 2.379891043598529599e-01 8.070734025920853760e-01 5.403644224358490344e-01 7.105427357601001859e-15 -9.285823805473569781e-01 2.594519500201342838e-02 3.702183266578128462e-01 -7.105427357601001859e-15 0.000000000000000000e+00 0.000000000000000000e+00 0.000000000000000000e+00 1.000000000000000000e+00 2.648867314846217180e-01 6.011445361764639062e-01 -7.539630402802104392e-01 1.515609090459694386e+00 -8.456037243947938098e-01 -2.309840904976099285e-01 -4.812490947800794894e-01 7.105427357601001859e-15 -4.634537309948510431e-01 7.650304546631960800e-01 4.471454379335385587e-01 0.000000000000000000e+00 0.000000000000000000e+00 0.000000000000000000e+00 0.000000000000000000e+00 1.000000000000000000e+00 8.594487428068068313e-01 -1.504490817979425576e-01 4.885825746728543195e-01 1.579296776945632530e+00 -1.501154623512741815e-01 8.393129546816876507e-01 5.225123080526988817e-01 -4.845733256829163338e-01 -4.886851813293118796e-01 -5.224163453507665311e-01 6.987617302482200810e-01 -4.677714594858790598e-01 0.000000000000000000e+00 0.000000000000000000e+00 0.000000000000000000e+00 1.000000000000000000e+00
8.967799481024266717e-01 1.688693270871196861e-01 4.089851770548076915e-01 1.668716634372220398e+00 -4.365170433083096491e-01 4.888360947270834478e-01 7.553093031290859516e-01 -4.707447412342133930e-01 -7.237814299068696944e-02 -8.558752379062718463e-01 5.120927470254801328e-01 2.146113974343712982e-01 0.000000000000000000e+00 0.000000000000000000e+00 0.000000000000000000e+00 1.000000000000000000e+00 5.115929558447009917e-01 -1.923922139826623467e-01 -8.374114183177414628e-01 2.090493833261788836e+00 4.625470984800150731e-01 8.830039558331908012e-01 7.971320888444845265e-02 2.131628207280300558e-14 7.241013942935071723e-01 -4.281229379299664739e-01 5.407290641350925853e-01 0.000000000000000000e+00 0.000000000000000000e+00 0.000000000000000000e+00 0.000000000000000000e+00 1.000000000000000000e+00 4.557054773418500737e-03 -3.704811098165254890e-01 9.288288219693162651e-01 1.515609090459697939e+00 2.110988185668062345e-01 -9.075499904985493416e-01 -3.630293425410431873e-01 0.000000000000000000e+00 9.774541022736008555e-01 1.977290115668386972e-01 7.407236956727025756e-02 -3.552713678800500929e-15 0.000000000000000000e+00 0.000000000000000000e+00 0.000000000000000000e+00 1.000000000000000000e+00 -8.245998026721856888e-02 9.504148237120443321e-01 -2.998533216803405677e-01 1.579296776945550818e+00 -9.477486963139772902e-01 1.825569108276003938e-02 3.184951151560212468e-01 -4.845733256828737012e-01 3.081765083348929068e-01 3.104486956189294045e-01 8.992490462041197175e-01 -4.677714594859061492e-01 0.000000000000000000e+00 0.000000000000000000e+00 0.000000000000000000e+00 1.000000000000000000e+00
1.981179469883355138e-01 -9.173334260536877283e-01 3.453239993480480274e-01 1.668716634372257701e+00 1.506396201860502049e-01 3.766176240098035866e-01 9.140387683875410563e-01 -4.707447412342276039e-01 -9.685334190988608150e-01 -1.290680081577686433e-01 2.128014693531427026e-01 2.146113974344032727e-01 0.000000000000000000e+00 0.000000000000000000e+00 0.000000000000000000e+00 1.000000000000000000e+00 6.591977328261775515e-01 7.519661183422954309e-01 -2.303454372964974361e-03 2.090493833261803047e+00 -4.842089648850861350e-01 4.221255487862886069e-01 -7.663887390787966769e-01 5.684341886080801487e-14 -5.753260183250371584e-01 5.063170725218492096e-01 6.423729405191065389e-01 1.065814103640150279e-14 0.000000000000000000e+00 0.000000000000000000e+00 0.000000000000000000e+00 1.000000000000000000e+00 2.307719587262903049e-01 6.847129633456362496e-01 -6.913121298603609466e-01 1.515609090459719255e+00 -8.855914882482904815e-01 4.421335353581172800e-01 1.422872195733342893e-01 -2.220446049250313081e-15 4.030781797713802739e-01 5.793842375644765452e-01 7.084079942053316259e-01 1.421085471520200372e-14 0.000000000000000000e+00 0.000000000000000000e+00 0.000000000000000000e+00 1.000000000000000000e+00 3.459561703531442989e-01 6.823218703697440102e-01 6.440117960175266720e-01 1.579296776945598779e+00 -6.314737390392908267e-01 -3.383395503817383521e-01 6.976870828324263085e-01 -4.845733256828950175e-01 6.939418167961373118e-01 -6.480456880981598777e-01 3.138176875815936739e-01 -4.677714594858812802e-01 0.000000000000000000e+00 0.000000000000000000e+00 0.000000000000000000e+00 1.000000000000000000e+00
2.278793908514141764e-01 8.207520312765875792e-01 -5.238674320670675399e-01 1.668716634372252372e+00 -9.205118801779731408e-01 6.224808515859825420e-03 -3.906649846225709322e-01 -4.707447412342382620e-01 -3.173781052252993562e-01 5.712506935788315143e-01 7.569305010430632530e-01 2.146113974343961672e-01 0.000000000000000000e+00 0.000000000000000000e+00 0.000000000000000000e+00 1.000000000000000000e+00 8.336026875372779532e-01 -5.053252540875852183e-01 -2.230536861653373837e-01 2.090493833261795942e+00 -1.561791113700961853e-01 1.717120666778784166e-01 -9.726885685196773323e-01 1.421085471520200372e-14 5.298251074668645089e-01 8.456721313479174107e-01 6.421839112899263569e-02 7.105427357601001859e-15 0.000000000000000000e+00 0.000000000000000000e+00 0.000000000000000000e+00 1.000000000000000000e+00 5.445678181465963830e-01 -8.360369606411892640e-01 6.699322264899737478e-02 1.515609090459705044e+00 4.244876946061204581e-01 2.058434715748613808e-01 -8.817248223442448740e-01 0.000000000000000000e+00 7.233644230725178037e-01 5.085967613462081260e-01 4.669831322233295445e-01 -3.552713678800500929e-15 0.000000000000000000e+00 0.000000000000000000e+00 0.000000000000000000e+00 1.000000000000000000e+00 1.039838285435961129e-01 9.591472519865831270e-01 2.631043755014390584e-01 1.579296776945582792e+00 -4.719030941807931256e-01 -1.852848503395385649e-01 8.619611324980080980e-01 -4.845733256828985702e-01 8.754969063931691275e-01 -2.137897875045511598e-01 4.333579278780408384e-01 -4.677714594858883856e-01 0.000000000000000000e+00 0.000000000000000000e+00 0.000000000000000000e+00 1.000000000000000000e+00
6.818668788162201011e-01 7.241431796261154075e-01 1.033160925238940375e-01 1.668716634372252372e+00 -1.098174055029493557e-01 2.409856403869460317e-01 -9.642956282053207762e-01 -4.707447412342311566e-01 -7.231857970273108949e-01 6.461753450328114878e-01 2.438436516493711625e-01 2.146113974343748509e-01 0.000000000000000000e+00 0.000000000000000000e+00 0.000000000000000000e+00 1.000000000000000000e+00 8.096623088455813244e-01 5.471063482538932599e-01 2.124184298386846137e-01 2.090493833261810153e+00 -4.628090501825585928e-02 4.203272167857016184e-01 -9.061915408233939262e-01 1.776356839400250465e-14 -5.850683921265391607e-01 7.238782180239127229e-01 3.656436817517716431e-01 0.000000000000000000e+00 0.000000000000000000e+00 0.000000000000000000e+00 0.000000000000000000e+00 1.000000000000000000e+00 3.591251743523832252e-01 -3.359046890366962357e-01 -8.707451688235376963e-01 1.515609090459697050e+00 1.984483089178724624e-01 9.391335387095822718e-01 -2.804397709998606159e-01 0.000000000000000000e+00 9.119470257827519966e-01 -7.208492459577095501e-02 4.039262133261655174e-01 1.776356839400250465e-15 0.000000000000000000e+00 0.000000000000000000e+00 0.000000000000000000e+00 1.000000000000000000e+00 2.503726606934904009e-01 3.709968936702545683e-01 8.942454001359382287e-01 1.579296776945582792e+00 2.476413580785261359e-01 8.683956367950017574e-01 -4.296076998430388705e-01 -4.845733256828950175e-01 -9.359419258406397324e-01 3.290141682092508346e-01 1.255483515275660489e-01 -4.677714594859025965e-01 0.000000000000000000e+00 0.000000000000000000e+00 0.000000000000000000e+00 1.000000000000000000e+00
