1.000000000000000000e+00 0.000000000000000000e+00 0.000000000000000000e+00 1.110000000000001563e+01 0.000000000000000000e+00 1.000000000000000000e+00 0.000000000000000000e+00 1.421085471520200372e-14 0.000000000000000000e+00 0.000000000000000000e+00 1.000000000000000000e+00 0.000000000000000000e+00 0.000000000000000000e+00 0.000000000000000000e+00 0.000000000000000000e+00 1.000000000000000000e+00 9.201958286256939346e-01 3.316848316548898223e-01 -2.079057705546915324e-01 1.540080676525156456e+00 -3.373421066816377767e-01 9.413419539755046861e-01 8.696478895124249570e-03 -4.557088464815421958e-01 1.985949144350558637e-01 6.213290702716413316e-02 9.781101992234242370e-01 9.963684965941181915e-01 0.000000000000000000e+00 0.000000000000000000e+00 0.000000000000000000e+00 1.000000000000000000e+00 9.279713024659906884e-01 3.681647053754938392e-01 -5.765424108726673047e-02 1.668716634372269247e+00 -3.698425996972464214e-01 9.288477076938950194e-01 -2.140998274121252987e-02 -4.707447412296517086e-01 4.566960968472594945e-02 4.119084397742388964e-02 9.981070088540968666e-01 2.146113974793504298e-01 0.000000000000000000e+00 0.000000000000000000e+00 0.000000000000000000e+00 1.000000000000000000e+00 9.099352851212220150e-01 3.704140266101831891e-01 1.865776668891293844e-01 1.579296776945598779e+00 -3.722749046339346446e-01 9.277500264653768536e-01 -2.629227592445056161e-02 -4.845733256777577935e-01 -1.828364631881597424e-01 -4.553391355817190678e-02 9.820883312843715629e-01 -4.677714594409376758e-01 0.000000000000000000e+00 0.000000000000000000e+00 0.000000000000000000e+00 1.000000000000000000e+00 3.934171428145766258e-01 -1.130314435170671761e-01 -9.123852500539796351e-01 9.686030412112867083e-01 -4.972909411420591841e-01 8.085363527785954796e-01 -3.145960681469678888e-01 -6.054566356534536453e-01 7.732558901150768937e-01 5.774884059545565274e-01 2.618825488466257623e-01 1.089603061098338266e+00 0.000000000000000000e+00 0.000000000000000000e+00 0.000000000000000000e+00 1.000000000000000000e+00 9.706891908033734584e-01 2.029025064489248242e-01 -1.288140820494255157e-01 1.745517417333061871e+00 -2.109432122909928875e-01 9.761115309259622563e-01 -5.205036389624344284e-02 -1.421085471520200372e-14 1.151757615379608440e-01 7.769718186728701015e-02 9.903018185805944062e-01 -1.243449787580175325e-14 0.000000000000000000e+00 0.000000000000000000e+00 0.000000000000000000e+00 1.000000000000000000e+00 1.000000000000000000e+00 0.000000000000000000e+00 0.000000000000000000e+00 1.764339056983509124e+00 0.000000000000000000e+00 1.000000000000000000e+00 0.000000000000000000e+00 1.421085471520200372e-14 0.000000000000000000e+00 0.000000000000000000e+00 1.000000000000000000e+00 3.197442310920450836e-14 0.000000000000000000e+00 0.000000000000000000e+00 0.000000000000000000e+00 1.000000000000000000e+00
4.735181553939289412e-01 -7.746312129490572351e-01 -4.191980921204236932e-01 1.109999999999997300e+01 4.239068547537493403e-01 6.176202843163789424e-01 -6.624561592239435193e-01 7.105427357601001859e-15 7.720644629855168972e-01 1.359840737955274048e-01 6.208258988386824440e-01 0.000000000000000000e+00 0.000000000000000000e+00 0.000000000000000000e+00 0.000000000000000000e+00 1.000000000000000000e+00 -1.742604287657323336e-01 5.428976287996122307e-01 -8.215202174080328268e-01 1.540080676525147574e+00 -1.334526247756052941e-01 8.135670376985332242e-01 5.659497081110077543e-01 -4.557088464854501808e-01 9.756145242394070882e-01 2.082566681145931742e-01 -6.932142727125256698e-02 9.963684965491381718e-01 0.000000000000000000e+00 0.000000000000000000e+00 0.000000000000000000e+00 1.000000000000000000e+00 9.758538342732114845e-01 -1.291020518388753813e-01 1.761872706675026434e-01 1.668716634372252372e+00 2.181219503985693531e-01 5.335430679766592910e-01 -8.171625354654836748e-01 -4.707447412342133930e-01 1.149386308407829120e-02 8.358615045718076342e-01 5.488200399824684217e-01 2.146113974343890618e-01 0.000000000000000000e+00 0.000000000000000000e+00 0.000000000000000000e+00 1.000000000000000000e+00 -1.526781403739767562e-01 -6.297511559073140086e-01 7.616448431423574750e-01 1.579296776945584568e+00 9.565650061075436916e-02 7.576449394285175165e-01 6.456190669808806737e-01 -4.845733256828594904e-01 -9.836357147556453739e-01 1.714281989398476480e-01 -5.543602858602914019e-02 -4.677714594858848329e-01 0.000000000000000000e+00 0.000000000000000000e+00 0.000000000000000000e+00 1.000000000000000000e+00 3.335896746218953712e-01 -9.419277671080771297e-01 -3.860065461167792866e-02 9.686030412112707211e-01 -6.705317815960114558e-01 -2.082933256616288364e-01 -7.120400412578616889e-01 -6.054566356573047869e-01 6.626500274317784767e-01 2.634121713885116955e-01 -7.010770065471072510e-01 1.089603061053477262e+00 0.000000000000000000e+00 0.000000000000000000e+00 0.000000000000000000e+00 1.000000000000000000e+00 5.496954134231367695e-01 -6.398801458778667905e-01 5.370180177357986029e-01 1.745517417333076082e+00 6.052911327600688507e-01 7.481404034965956074e-01 2.718613272570848394e-01 -2.398081733190338127e-14 -5.757235422176163464e-01 1.756113195875223520e-01 7.985631267277056855e-01 0.000000000000000000e+00 0.000000000000000000e+00 0.000000000000000000e+00 0.000000000000000000e+00 1.000000000000000000e+00 1.350782579587346266e-01 5.165287061091488052e-01 8.455483191350108285e-01 1.764339056983509124e+00 -7.989305888875215533e-01 -4.479711303766040764e-01 4.012876530482161197e-01 7.105427357601001859e-15 5.860578285175206403e-01 -7.297396536534903611e-01 3.521594234420150071e-01 1.421085471520200372e-14 0.000000000000000000e+00 0.000000000000000000e+00 0.000000000000000000e+00 1.000000000000000000e+00
8.382204357869063038e-01 3.497062153415054775e-01 4.184400363023709768e-01 1.110000000000005116e+01 -4.641059410130695673e-01 5.456372510477791593e-02 8.840975485878599383e-01 -2.131628207280300558e-14 2.863427605957274413e-01 -9.352691392611063304e-01 2.080371615846725586e-01 -7.815970093361102045e-14 0.000000000000000000e+00 0.000000000000000000e+00 0.000000000000000000e+00 1.000000000000000000e+00 -1.620121599649431143e-01 -2.164716161843130149e-01 -9.627523562214974628e-01 1.540080676525171555e+00 -7.897792069692019523e-02 9.753564634843174819e-01 -2.060151867745584897e-01 -4.557088464854714971e-01 9.836231738149954218e-01 4.265921384550706852e-02 -1.751160855210014411e-01 9.963684965491355072e-01 0.000000000000000000e+00 0.000000000000000000e+00 0.000000000000000000e+00 1.000000000000000000e+00 5.018165082056089688e-01 -5.996839819198506241e-03 -8.649533108812943460e-01 1.668716634372259477e+00 -1.274695078302996165e-01 9.885452553156703903e-01 -8.080719501614525013e-02 -4.707447412342311566e-01 8.555300793460340891e-01 1.508055572751184348e-01 4.953039140054414924e-01 2.146113974343748509e-01 0.000000000000000000e+00 0.000000000000000000e+00 0.000000000000000000e+00 1.000000000000000000e+00 4.820381341886087467e-01 -8.723222908748449189e-01 -8.181111190313543335e-02 1.579296776945597003e+00 7.133360989458328305e-01 3.365305129846206666e-01 6.147347588765817994e-01 -4.845733256828985702e-01 -5.087148976870107253e-01 -3.546844156051553454e-01 7.844795205727957965e-01 -4.677714594858999320e-01 0.000000000000000000e+00 0.000000000000000000e+00 0.000000000000000000e+00 1.000000000000000000e+00 -4.736234991372079151e-02 -9.675449893473508922e-01 -2.482206707739812446e-01 9.686030412112884846e-01 2.010183960020603400e-01 2.341830956673101038e-01 -9.511834114262268658e-01 -6.054566356573012342e-01 9.784418287662325353e-01 -9.494720265763667566e-02 1.834028800975613382e-01 1.089603061053476818e+00 0.000000000000000000e+00 0.000000000000000000e+00 0.000000000000000000e+00 1.000000000000000000e+00 1.187855401926642962e-01 -6.870749119508211544e-01 -7.168110356355489321e-01 1.745517417333062316e+00 -1.614392460372353344e-01 6.989517787902213009e-01 -6.967092512410859584e-01 -2.131628207280300558e-14 9.797077958657194330e-01 1.984804179100720656e-01 -2.789549114422040788e-02 7.105427357601001859e-15 0.000000000000000000e+00 0.000000000000000000e+00 0.000000000000000000e+00 1.000000000000000000e+00 8.773809838662860461e-01 -9.279773073782923709e-02 -4.707347345583681175e-01 1.764339056983505571e+00 -3.371602241941069056e-01 5.787859845100725709e-01 -7.425158364345407769e-01 3.552713678800500929e-15 3.413584514424792826e-01 8.101823037468883770e-01 4.765281128371935404e-01 3.197442310920450836e-14 0.000000000000000000e+00 0.000000000000000000e+00 0.000000000000000000e+00 1.000000000000000000e+00
6.003353647567828411e-01 6.104438229298743135e-01 5.166776450255040620e-01 1.110000000000006537e+01 2.442190329181459507e-02 6.317559215762396096e-01 -7.747825670424970390e-01 2.131628207280300558e-14 -7.993753939557720622e-01 4.777476264725095123e-01 3.643572216080503967e-01 3.552713678800500929e-14 0.000000000000000000e+00 0.000000000000000000e+00 0.000000000000000000e+00 1.000000000000000000e+00 3.998903296877021063e-02 8.944588109243084562e-01 -4.453586339143937312e-01 1.540080676525175107e+00 -7.932557847264839479e-01 2.994407623812598285e-01 5.301702460743155099e-01 -4.557088464854750498e-01 6.075739767634826816e-01 3.320823171811503882e-01 7.215089724843377628e-01 9.963684965491168555e-01 0.000000000000000000e+00 0.000000000000000000e+00 0.000000000000000000e+00 1.000000000000000000e+00 7.178444932069372175e-02 5.382718883939571208e-01 -8.397085012077276645e-01 1.668716634372284346e+00 4.685352252698916226e-02 8.391312648350488512e-01 5.419072501850700219e-01 -4.707447412342240511e-01 9.963190956026777290e-01 -7.824381471486722972e-02 3.501664170544993571e-02 2.146113974343677455e-01 0.000000000000000000e+00 0.000000000000000000e+00 0.000000000000000000e+00 1.000000000000000000e+00 9.890402899355681399e-01 -1.476347529882109377e-01 1.812344966399898061e-03 1.579296776945607661e+00 6.745109828530276852e-02 4.408837096514619525e-01 -8.950262029147928455e-01 -4.845733256828896884e-01 1.313379390133472546e-01 8.853392198892329201e-01 4.460098782556849439e-01 -4.677714594859097019e-01 0.000000000000000000e+00 0.000000000000000000e+00 0.000000000000000000e+00 1.000000000000000000e+00 9.544760545041206523e-01 2.076712896041927048e-01 -2.141216870202047595e-01 9.686030412112991428e-01 -2.910875500584632625e-01 8.052436722562247295e-01 -5.165759058379236768e-01 -6.054566356572994579e-01 6.514214902203205315e-02 5.553874897451699377e-01 8.290363301178966804e-01 1.089603061053459498e+00 0.000000000000000000e+00 0.000000000000000000e+00 0.000000000000000000e+00 1.000000000000000000e+00 3.423401596207517050e-01 -6.897422741191069351e-01 -6.380116067939838320e-01 1.745517417333072530e+00 9.385154957256539587e-01 2.832829764340519807e-01 1.973307364439065570e-01 -2.131628207280300558e-14 4.463047606365361242e-02 -6.663380152412642365e-01 7.443129516881084040e-01 -7.105427357601001859e-15 0.000000000000000000e+00 0.000000000000000000e+00 0.000000000000000000e+00 1.000000000000000000e+00 3.079131346339369912e-01 -9.513792237698178722e-01 -8.189877840463724579e-03 1.764339056983502019e+00 9.329958611544618696e-01 3.002554000810592205e-01 1.984072019630519768e-01 1.332267629550187849e-14 -1.863014347463464726e-01 -6.873330561890525492e-02 9.800854595953104598e-01 2.842170943040400743e-14 0.000000000000000000e+00 0.000000000000000000e+00 0.000000000000000000e+00 1.000000000000000000e+00
4.665183649270598920e-04 -9.975702431577173623e-01 6.966629261606969992e-02 1.109999999999996945e+01 3.001326027995542683e-02 6.964888328520901783e-02 9.971199713497322925e-01 -1.421085471520200372e-14 -9.995493917600984934e-01 1.625737794355541343e-03 2.997282783858024047e-02 2.486899575160350651e-14 0.000000000000000000e+00 0.000000000000000000e+00 0.000000000000000000e+00 1.000000000000000000e+00 7.861233781177054958e-01 -7.150657530119443328e-02 -6.139192488149411986e-01 1.540080676525128922e+00 -6.175365794662429630e-01 -4.962789783922438858e-02 -7.849749325788641929e-01 -4.557088464854643917e-01 2.566334736427933888e-02 9.962047387182788594e-01 -8.317157661909635458e-02 9.963684965491808043e-01 0.000000000000000000e+00 0.000000000000000000e+00 0.000000000000000000e+00 1.000000000000000000e+00 3.407201737203655600e-01 9.356891584973048293e-01 9.162729882829445671e-02 1.668716634372232832e+00 -3.619530627511318155e-01 2.204958272552209886e-01 -9.057436560794178693e-01 -4.707447412342204984e-01 -8.676979564255289379e-01 2.754403544029839224e-01 4.138029332681433248e-01 2.146113974344245889e-01 0.000000000000000000e+00 0.000000000000000000e+00 0.000000000000000000e+00 1.000000000000000000e+00 3.179985332328162384e-01 9.407130933700743602e-01 -1.180500267847637286e-01 1.579296776945573910e+00 -3.112989405766036777e-01 2.212101629105206468e-01 9.242072459253851680e-01 -4.845733256828914648e-01 8.955277228861548977e-01 -2.571477003342765855e-01 3.631874966943815508e-01 -4.677714594858599639e-01 0.000000000000000000e+00 0.000000000000000000e+00 0.000000000000000000e+00 1.000000000000000000e+00 -4.266605219002939098e-01 -8.876687818846744626e-01 1.732193197052431244e-01 9.686030412112618393e-01 2.940788184478972944e-01 -3.172839876064630360e-01 -9.015811221120539898e-01 -6.054566356573118924e-01 8.552651329219831400e-01 -3.337289392245150754e-01 3.964171382925092413e-01 1.089603061053523447e+00 0.000000000000000000e+00 0.000000000000000000e+00 0.000000000000000000e+00 1.000000000000000000e+00 2.712266010689434736e-01 9.491626170100863069e-01 -1.597700139048389700e-01 1.745517417333061871e+00 -4.053522326372227536e-02 -1.545809462697889103e-01 -9.871482293583353496e-01 -1.065814103640150279e-14 -9.616615966895778467e-01 2.742171721845678145e-01 -3.451946052693166678e-03 -2.353672812205331866e-14 0.000000000000000000e+00 0.000000000000000000e+00 0.000000000000000000e+00 1.000000000000000000e+00 6.071520714905065397e-02 9.968114219578612101e-01 5.177501979907694896e-02 1.764339056983509124e+00 -4.824222327019909717e-01 7.471506777856617987e-02 -8.727464970091087793e-01 7.105427357601001859e-15 -8.738320508059166380e-01 2.801156370485596847e-02 4.854203325810886316e-01 3.108624468950438313e-14 0.000000000000000000e+00 0.000000000000000000e+00 0.000000000000000000e+00 1.000000000000000000e+00
1.453836367959804310e-01 -8.959917302779500936e-01 4.195979235238179172e-01 1.109999999999996589e+01 2.285547149944416878e-02 4.270321965125425390e-01 9.039475264439917890e-01 -5.329070518200751394e-15 -9.891113312335031438e-01 -1.218290704848336570e-01 8.256180721307471160e-02 1.776356839400250465e-14 0.000000000000000000e+00 0.000000000000000000e+00 0.000000000000000000e+00 1.000000000000000000e+00 4.456032686536004483e-02 8.973121860038780762e-01 4.391414557048720635e-01 1.540080676525139580e+00 -6.224617456138598071e-01 3.687576956445128840e-01 -6.903326279050522318e-01 -4.557088464854928134e-01 -7.813806706829897752e-01 -2.425873095441940241e-01 5.749744731125987496e-01 9.963684965491950152e-01 0.000000000000000000e+00 0.000000000000000000e+00 0.000000000000000000e+00 1.000000000000000000e+00 2.020825523439429006e-02 -9.874970281739730016e-01 -1.563369622576610829e-01 1.668716634372238161e+00 -3.188773009859630081e-02 1.556527426813851811e-01 -9.872970152719604542e-01 -4.707447412342560256e-01 9.992871454639755679e-01 2.493678093367823756e-02 -2.834356835553863974e-02 2.146113974344316944e-01 0.000000000000000000e+00 0.000000000000000000e+00 0.000000000000000000e+00 1.000000000000000000e+00 3.834954320412623519e-01 6.625903837624155246e-01 -6.433546743041979044e-01 1.579296776945579239e+00 -5.870784807716096509e-02 7.126970041879358009e-01 6.990109933296403399e-01 -4.845733256828879121e-01 9.216749113313407182e-01 -2.302975544097601579e-01 3.122153011228775421e-01 -4.677714594858350949e-01 0.000000000000000000e+00 0.000000000000000000e+00 0.000000000000000000e+00 1.000000000000000000e+00 7.922492533319334118e-01 -3.273366157070424221e-01 -5.149678248322452356e-01 9.686030412112600629e-01 5.505670414251698785e-01 7.473344099183065747e-01 3.719774356710255359e-01 -6.054566356573189978e-01 2.630913405859822141e-01 -5.782231574137416397e-01 7.722958803069934763e-01 1.089603061053534105e+00 0.000000000000000000e+00 0.000000000000000000e+00 0.000000000000000000e+00 1.000000000000000000e+00 1.644418705310766171e-01 -8.784779571611336380e-01 4.485926325724068353e-01 1.745517417333093846e+00 2.076383451044273021e-01 4.754221476291862203e-01 8.549035613365680852e-01 -5.684341886080801487e-14 -9.642848069209302153e-01 -4.743690889649132547e-02 2.605850164837008043e-01 -7.105427357601001859e-15 0.000000000000000000e+00 0.000000000000000000e+00 0.000000000000000000e+00 1.000000000000000000e+00 4.501222826314476011e-01 4.230804079859361994e-02 8.919641026198529277e-01 1.764339056983512677e+00 5.776513215713452443e-01 7.479311266663700719e-01 -3.269831501017331776e-01 1.776356839400250465e-14 -6.809617326733812259e-01 6.624266445783705271e-01 3.122211703057747867e-01 5.684341886080801487e-14 0.000000000000000000e+00 0.000000000000000000e+00 0.000000000000000000e+00 1.000000000000000000e+00
1.419795991078420805e-02 9.372670095077905161e-01 -3.483230839647223909e-01 1.110000000000009379e+01 -7.133460424822890555e-02 -3.465210943702130564e-01 -9.353258819220275910e-01 -5.329070518200751394e-14 -9.973513885141587210e-01 3.812720872019387253e-02 6.193967859204985160e-02 4.263256414560601115e-14 0.000000000000000000e+00 0.000000000000000000e+00 0.000000000000000000e+00 1.000000000000000000e+00 7.048842388589218189e-01 4.293160219273531863e-01 -5.646467595982029852e-01 1.540080676525157344e+00 -5.569297220082611855e-01 -1.580110285146252291e-01 -8.153905810171903079e-01 -4.557088464854786025e-01 -4.392806557908957021e-01 8.892245319289288075e-01 1.277193691798464981e-01 9.963684965491266254e-01 0.000000000000000000e+00 0.000000000000000000e+00 0.000000000000000000e+00 1.000000000000000000e+00 -2.640657108046373658e-02 8.431411805618997946e-01 -5.370434271494791689e-01 1.668716634372266583e+00 -4.568798177223581253e-02 5.356514487141741387e-01 8.432023089460713994e-01 -4.707447412342560256e-01 9.986066799923540849e-01 4.680251201690004831e-02 2.437670083410936606e-02 2.146113974343686337e-01 0.000000000000000000e+00 0.000000000000000000e+00 0.000000000000000000e+00 1.000000000000000000e+00 2.150384996811551819e-01 -3.329278148560805839e-01 -9.181053935959820889e-01 1.579296776945589897e+00 -3.929376017069499682e-02 9.363876868786743524e-01 -3.487608066765152670e-01 -4.845733256829021229e-01 9.758147590944327154e-01 1.110728137626893347e-01 1.882774175951890117e-01 -4.677714594859061492e-01 0.000000000000000000e+00 0.000000000000000000e+00 0.000000000000000000e+00 1.000000000000000000e+00 9.608549603550697871e-01 -2.500710084714266035e-01 -1.192570160751177527e-01 9.686030412112884846e-01 -5.442630092373121342e-02 2.516867168159655499e-01 -9.662771726301720987e-01 -6.054566356573189978e-01 2.716533138557611360e-01 9.349429326437436183e-01 2.282239903487355281e-01 1.089603061053470157e+00 0.000000000000000000e+00 0.000000000000000000e+00 0.000000000000000000e+00 1.000000000000000000e+00 9.169130274717720575e-01 3.970768859606915724e-01 -4.000558321421435887e-02 1.745517417333061871e+00 -3.366592902247008134e-01 7.157557817193425098e-01 -6.118449012950371024e-01 -4.085620730620576069e-14 -2.143152406105318097e-01 5.744768120395224997e-01 7.899654233388679891e-01 2.842170943040400743e-14 0.000000000000000000e+00 0.000000000000000000e+00 0.000000000000000000e+00 1.000000000000000000e+00 2.554459648840456953e-02 1.774303914399290028e-01 9.838017736229784926e-01 1.764339056983516230e+00 -2.253190677808732389e-01 9.598213749465792644e-01 -1.672550324803899757e-01 3.552713678800500929e-15 -9.739500969169840872e-01 -2.173968361985326170e-01 6.449670011919628188e-02 2.842170943040400743e-14 0.000000000000000000e+00 0.000000000000000000e+00 0.000000000000000000e+00 1.000000000000000000e+00
8.727236908713315033e-01 2.655637431931247017e-01 4.096696934033279280e-01 1.110000000000004405e+01 -4.707883716669258312e-01 6.799617681220162524e-01 5.621479369308278740e-01 4.973799150320701301e-14 -1.292736187128879499e-01 -6.834675502126180691e-01 7.184430661585072819e-01 -6.394884621840901673e-14 0.000000000000000000e+00 0.000000000000000000e+00 0.000000000000000000e+00 1.000000000000000000e+00 1.785392364532329967e-01 6.308142703701443699e-01 -7.551139631499863558e-01 1.540080676525166226e+00 -2.386680491252615444e-01 -7.167599054065365571e-01 -6.552043958402252732e-01 -4.557088464854643917e-01 -9.545476957038021570e-01 2.972012690063675633e-01 2.258544503804293946e-02 9.963684965490990919e-01 0.000000000000000000e+00 0.000000000000000000e+00 0.000000000000000000e+00 1.000000000000000000e+00 7.235818296660083693e-01 -5.025772895566641418e-01 -4.731230324123618658e-01 1.668716634372282570e+00 4.227669691790447715e-02 7.164311477569103026e-01 -6.963756826752552920e-01 -4.707447412342133930e-01 6.889426802535196792e-01 4.838827115588996142e-01 5.396438684720725742e-01 2.146113974343446529e-01 0.000000000000000000e+00 0.000000000000000000e+00 0.000000000000000000e+00 1.000000000000000000e+00 3.480359274222245558e-01 5.263857223305687949e-01 -7.757506458584985110e-01 1.579296776945612990e+00 -9.155765816910054200e-01 3.686841932752086270e-01 -1.605972872997004919e-01 -4.845733256828879121e-01 2.014708819714798316e-01 7.661527504065583916e-01 6.102617854348246773e-01 -4.677714594859327946e-01 0.000000000000000000e+00 0.000000000000000000e+00 0.000000000000000000e+00 1.000000000000000000e+00 9.446225082147453600e-01 -2.374575527265815333e-01 2.264999506118844097e-01 9.686030412112902610e-01 1.866329780419397066e-01 -1.789747842269500122e-01 -9.659897298202053673e-01 -6.054566356572905761e-01 2.699193369902945228e-01 9.547680018014947922e-01 -1.247461993597414054e-01 1.089603061053441735e+00 0.000000000000000000e+00 0.000000000000000000e+00 0.000000000000000000e+00 1.000000000000000000e+00 8.362028471011440089e-01 -3.078747727394469114e-01 -4.538479071347301663e-01 1.745517417333070753e+00 2.226620465919138536e-01 9.468700067308639667e-01 -2.320749951222533802e-01 -2.753353101070388220e-14 5.011850072652225263e-01 9.300706781813655732e-02 8.603274224552135419e-01 0.000000000000000000e+00 0.000000000000000000e+00 0.000000000000000000e+00 0.000000000000000000e+00 1.000000000000000000e+00 8.449104769437030260e-01 5.151411511619838901e-01 1.440690123873632766e-01 1.764339056983505571e+00 -3.606644175784593509e-01 7.475366279540807124e-01 -5.577725053817488288e-01 4.440892098500626162e-15 -3.950284342215821809e-01 4.193072671043854283e-01 8.173946121121038466e-01 2.842170943040400743e-14 0.000000000000000000e+00 0.000000000000000000e+00 0.000000000000000000e+00 1.000000000000000000e+00
3.438596722872572231e-01 9.021627351187357924e-01 -2.605051345704755272e-01 1.110000000000009912e+01 -4.009661860997663640e-01 -1.097924607314044732e-01 -9.094898202680171684e-01 -3.552713678800500929e-14 -8.491093235733000455e-01 4.171906218140868372e-01 3.239835515751809947e-01 3.907985046680551022e-14 0.000000000000000000e+00 0.000000000000000000e+00 0.000000000000000000e+00 1.000000000000000000e+00 9.024818370317447824e-01 1.444780034620469222e-01 4.057741247830227160e-01 1.540080676525178216e+00 -1.102955448041847836e-01 9.881725633676464726e-01 -1.065358052664118482e-01 -4.557088464854555099e-01 -4.163669374772153708e-01 5.139155108610284073e-02 9.077430703964690650e-01 9.963684965490955392e-01 0.000000000000000000e+00 0.000000000000000000e+00 0.000000000000000000e+00 1.000000000000000000e+00 1.009423604472676761e-01 9.945648253709513664e-01 -2.552347942939513573e-02 1.668716634372291896e+00 -6.585333172963594994e-02 3.227757282408805217e-02 9.973071227022757279e-01 -4.707447412342098403e-01 9.927104202976012592e-01 -9.898972889868191960e-02 6.875358176215284889e-02 2.146113974343535347e-01 0.000000000000000000e+00 0.000000000000000000e+00 0.000000000000000000e+00 1.000000000000000000e+00 7.457931371185210212e-01 4.297017202613917508e-01 5.090668209884784412e-01 1.579296776945615211e+00 -2.053491585381696516e-01 8.752357196958231444e-01 -4.379430991078638868e-01 -4.845733256828772539e-01 -6.337383685043699311e-01 2.220785144333760619e-01 7.409836797882152215e-01 -4.677714594859310182e-01 0.000000000000000000e+00 0.000000000000000000e+00 0.000000000000000000e+00 1.000000000000000000e+00 2.618841358884200776e-01 -9.276655752906546315e-01 -2.661827939417460986e-01 9.686030412113049159e-01 -8.852146407442911258e-01 -1.210171821377847845e-01 -4.491657616508473172e-01 -6.054566356572799180e-01 3.844629230263056918e-01 3.532582936720506939e-01 -8.528756291335684026e-01 1.089603061053452393e+00 0.000000000000000000e+00 0.000000000000000000e+00 0.000000000000000000e+00 1.000000000000000000e+00 9.920313984290527465e-01 -1.214029243758939919e-01 -3.369027283770458653e-02 1.745517417333081411e+00 1.175898313245561794e-01 7.961571533727219707e-01 5.935540571022208667e-01 -1.776356839400250465e-14 -4.523644658856875583e-02 -5.927858948106179415e-01 8.040886436293044337e-01 -7.105427357601001859e-15 0.000000000000000000e+00 0.000000000000000000e+00 0.000000000000000000e+00 1.000000000000000000e+00 2.474210287104871009e-01 8.582080680243485693e-01 -4.497351960095626877e-01 1.764339056983505571e+00 4.728443712585463088e-02 4.529189490270527640e-01 8.902969210425931701e-01 -7.105427357601001859e-15 9.677535928931164655e-01 -2.415436556611358365e-01 7.148178685734751792e-02 2.842170943040400743e-14 0.000000000000000000e+00 0.000000000000000000e+00 0.000000000000000000e+00 1.000000000000000000e+00
4.609961861518518944e-02 9.800344680022186061e-01 1.934095827283199565e-01 1.110000000000010445e+01 -9.898457856527478338e-01 7.087740563612565659e-02 -1.232140982022213310e-01 1.421085471520200372e-14 -1.344624326309360463e-01 -1.857655374333475884e-01 9.733504093146879699e-01 -7.549516567451064475e-15 0.000000000000000000e+00 0.000000000000000000e+00 0.000000000000000000e+00 1.000000000000000000e+00 8.992261249243481691e-01 -5.543738866559418110e-02 4.339574543563924358e-01 1.540080676525178660e+00 3.470080529032673611e-01 6.944480711554947838e-01 -6.303390259921213268e-01 -4.557088464854714971e-01 -2.664165675663280886e-01 7.174040510105534896e-01 6.437030682852329377e-01 9.963684965491239609e-01 0.000000000000000000e+00 0.000000000000000000e+00 0.000000000000000000e+00 1.000000000000000000e+00 1.558753237493734067e-01 -2.543297790845093220e-01 -9.544732824531302340e-01 1.668716634372273688e+00 4.113528903938307862e-02 9.671175438674689540e-01 -2.509811633158963717e-01 -4.707447412342133930e-01 9.869198404336972930e-01 -1.407642672185405717e-04 1.612116892280042180e-01 2.146113974343695219e-01 0.000000000000000000e+00 0.000000000000000000e+00 0.000000000000000000e+00 1.000000000000000000e+00 -1.522936355360660077e-01 -6.970668271981363961e-01 7.006457642740241409e-01 1.579296776945611214e+00 3.354610553225968045e-02 7.048608037505326163e-01 7.085519784319084247e-01 -4.845733256828737012e-01 -9.877658160610878202e-01 1.314118935107347619e-01 -8.396193700181608932e-02 -4.677714594859070374e-01 0.000000000000000000e+00 0.000000000000000000e+00 0.000000000000000000e+00 1.000000000000000000e+00 -5.838618067397978173e-01 2.245194999800207425e-01 -7.801899670972836098e-01 9.686030412112813792e-01 -2.408814068061455593e-01 8.698157200784684129e-01 4.305772415716693780e-01 -6.054566356572976815e-01 7.752944850091680884e-01 4.393308630555073369e-01 -4.537696048450929887e-01 1.089603061053465272e+00 0.000000000000000000e+00 0.000000000000000000e+00 0.000000000000000000e+00 1.000000000000000000e+00 -1.130171650510332082e-01 9.834612700815954511e-01 1.415310942984706055e-01 1.745517417333079635e+00 -2.914487818364525640e-01 -1.689909546882144564e-01 9.415411115822897026e-01 -2.842170943040400743e-14 9.498866921743220892e-01 6.516124218475949359e-02 3.057274677667412011e-01 -1.421085471520200372e-14 0.000000000000000000e+00 0.000000000000000000e+00 0.000000000000000000e+00 1.000000000000000000e+00 1.219137322150734004e-01 -9.708149286975111814e-01 2.065318767537779321e-01 1.764339056983537546e+00 1.314873101049023330e-01 2.220471038386848672e-01 9.661294793961260341e-01 1.421085471520200372e-14 -9.837927267360583317e-01 -9.062812971091604997e-02 1.547204347406403446e-01 4.263256414560601115e-14 0.000000000000000000e+00 0.000000000000000000e+00 0.000000000000000000e+00 1.000000000000000000e+00
1.590997602718524639e-03 -5.857857526355930711e-01 8.104643858528145506e-01 1.109999999999998721e+01 -1.956413801357248516e-03 8.104620372019132324e-01 5.857878956581148433e-01 2.486899575160350651e-14 -9.999968205807786559e-01 -2.517590847684547661e-03 1.434038271879156667e-04 1.421085471520200372e-14 0.000000000000000000e+00 0.000000000000000000e+00 0.000000000000000000e+00 1.000000000000000000e+00 8.467299522513724863e-01 -1.098380867284893814e-01 -5.205612189399179135e-01 1.540080676525157344e+00 -4.937154849189556716e-01 2.023380769021462244e-01 -8.457566568385858075e-01 -4.557088464854643917e-01 1.982256489751738071e-01 9.731366283001404716e-01 1.170969459422623871e-01 9.963684965491452772e-01 0.000000000000000000e+00 0.000000000000000000e+00 0.000000000000000000e+00 1.000000000000000000e+00 6.662588420371898801e-01 6.381805873713674027e-01 3.857780363234787901e-01 1.668716634372273688e+00 -4.866346681287992415e-01 -1.990919656251244341e-02 8.733786828560728965e-01 -4.707447412342133930e-01 5.650538515773839698e-01 -7.696292365773093058e-01 2.972961200940773541e-01 2.146113974343748509e-01 0.000000000000000000e+00 0.000000000000000000e+00 0.000000000000000000e+00 1.000000000000000000e+00 4.991446267456619568e-01 -7.456896412934452822e-01 -4.413633429030856536e-01 1.579296776945597003e+00 8.242897655699170656e-01 5.656793544971036036e-01 -2.352127276384824439e-02 -4.845733256828879121e-01 2.672097003621406452e-01 -3.520707695384454605e-01 8.970201498678732621e-01 -4.677714594858954911e-01 0.000000000000000000e+00 0.000000000000000000e+00 0.000000000000000000e+00 1.000000000000000000e+00 2.940650213988954542e-01 -4.563651464694869486e-01 -8.397955800535930049e-01 9.686030412112884846e-01 -9.470842163678501180e-01 -2.084122415507461135e-02 -3.203078682808353506e-01 -6.054566356572905761e-01 1.286749792949747062e-01 8.895484789844798623e-01 -4.383449021487946240e-01 1.089603061053466604e+00 0.000000000000000000e+00 0.000000000000000000e+00 0.000000000000000000e+00 1.000000000000000000e+00 8.216470946822737043e-01 -5.227882718181704469e-01 -2.271309636521395836e-01 1.745517417333072530e+00 4.108677430342406733e-01 2.670194878279260609e-01 8.717157167643942994e-01 -1.421085471520200372e-14 -3.950743594997377373e-01 -8.095634724772871049e-01 4.341926237240668618e-01 -1.421085471520200372e-14 0.000000000000000000e+00 0.000000000000000000e+00 0.000000000000000000e+00 1.000000000000000000e+00 9.254898860308391484e-02 -4.028400142044150645e-01 9.105792703901911533e-01 1.764339056983494913e+00 8.592563250512578188e-01 4.943854635475645187e-01 1.313833371941314498e-01 3.552713678800500929e-15 -5.031036201101651839e-01 7.702616025667166078e-01 3.918977048202760827e-01 2.842170943040400743e-14 0.000000000000000000e+00 0.000000000000000000e+00 0.000000000000000000e+00 1.000000000000000000e+00
6.348451666639290947e-01 -6.903227580950445086e-01 -3.470246446860779654e-01 1.109999999999997478e+01 -5.629105613572420175e-02 4.066238893427249756e-01 -9.118598190593331099e-01 -1.065814103640150279e-14 7.705860960091173162e-01 5.984241825593663577e-01 2.192842136716213197e-01 3.552713678800500929e-14 0.000000000000000000e+00 0.000000000000000000e+00 0.000000000000000000e+00 1.000000000000000000e+00 5.004725093471061870e-01 5.912713960096139809e-01 -6.323965556900615903e-01 1.540080676525157344e+00 1.779460040652921793e-01 6.446092954992964641e-01 7.435146775908971772e-01 -4.557088464854572862e-01 8.472676596123599468e-01 -4.846410965000214066e-01 2.173948494289854594e-01 9.963684965491523826e-01 0.000000000000000000e+00 0.000000000000000000e+00 0.000000000000000000e+00 1.000000000000000000e+00 2.047871734191089033e-01 8.491312827074393166e-01 -4.868657703419194682e-01 1.668716634372259477e+00 -2.976987007961141574e-01 5.278765374659248888e-01 7.954381463931005092e-01 -4.707447412342204984e-01 9.324364306199740549e-01 -1.795622233668980536e-02 3.608876236892556433e-01 2.146113974344006081e-01 0.000000000000000000e+00 0.000000000000000000e+00 0.000000000000000000e+00 1.000000000000000000e+00 4.123016881879102424e-01 6.894924304237934898e-01 -5.954892999086460748e-01 1.579296776945589897e+00 -7.525778366502824390e-01 -1.106179827508646518e-01 -6.491457938513582882e-01 -4.845733256828808067e-01 -5.134529362075750392e-01 7.157959557586361932e-01 4.732887406429614474e-01 -4.677714594858795039e-01 0.000000000000000000e+00 0.000000000000000000e+00 0.000000000000000000e+00 1.000000000000000000e+00 -8.670418720734072160e-01 -4.512629668752802248e-01 2.111874210230358651e-01 9.686030412112742738e-01 -4.707690122903047253e-02 -3.477736846792827130e-01 -9.363958722758590758e-01 -6.054566356572976815e-01 4.960062070600663175e-01 -8.218364794601871193e-01 2.802902845022853251e-01 1.089603061053505684e+00 0.000000000000000000e+00 0.000000000000000000e+00 0.000000000000000000e+00 1.000000000000000000e+00 4.910602403186221654e-01 4.264743090062889652e-01 7.595916693433553135e-01 1.745517417333061871e+00 -8.142921368109792279e-01 5.345174653788526964e-01 2.263170235151927279e-01 -2.131628207280300558e-14 -3.094966176003000058e-01 -7.296648154889855409e-01 6.097549513791572506e-01 -1.421085471520200372e-14 0.000000000000000000e+00 0.000000000000000000e+00 0.000000000000000000e+00 1.000000000000000000e+00 5.295919241496214180e-01 2.919910619473113367e-01 -7.964129667568096149e-01 1.764339056983514453e+00 -7.237444085530426729e-01 -3.341390590138972883e-01 -6.037757202219328212e-01 1.609823385706476984e-14 -4.424097930241915333e-01 8.961541770165381005e-01 3.436955123511786780e-02 2.842170943040400743e-14 0.000000000000000000e+00 0.000000000000000000e+00 0.000000000000000000e+00 1.000000000000000000e+00
7.312103202440001226e-02 1.058846675513244184e-01 -9.916863172663179515e-01 1.110000000000003695e+01 -9.758495902452534176e-01 -1.976318668975420856e-01 -9.305494293568267183e-02 -2.842170943040400743e-14 -2.058419099548429720e-01 9.745409598185894584e-01 8.887646337475785252e-02 8.526512829121202230e-14 0.000000000000000000e+00 0.000000000000000000e+00 0.000000000000000000e+00 1.000000000000000000e+00 8.907276569230871965e-01 -4.363019110045159854e-01 1.274554182689558168e-01 1.540080676525157344e+00 1.554683032151556454e-01 2.894395190567455867e-02 -9.874167581844467412e-01 -4.557088464854714971e-01 4.271227550572639919e-01 8.993346930380753390e-01 9.361229625643796570e-02 9.963684965491239609e-01 0.000000000000000000e+00 0.000000000000000000e+00 0.000000000000000000e+00 1.000000000000000000e+00 1.340621900007397116e-01 9.877052156638286284e-01 -8.040980140924967878e-02 1.668716634372259477e+00 -6.761337174087141966e-01 1.504894681133495116e-01 7.212462243714237164e-01 -4.707447412342204984e-01 7.244794858346773614e-01 -4.232407042606544517e-02 6.879957468380824004e-01 2.146113974343606401e-01 0.000000000000000000e+00 0.000000000000000000e+00 0.000000000000000000e+00 1.000000000000000000e+00 5.219319670349807927e-01 2.860720215674510958e-01 -8.035856023245486757e-01 1.579296776945597003e+00 -6.477944648356868118e-01 7.458317736528294883e-01 -1.552330400981718206e-01 -4.845733256828879121e-01 5.549318454686501534e-01 6.015793911747527867e-01 5.745893168155599140e-01 -4.677714594859168074e-01 0.000000000000000000e+00 0.000000000000000000e+00 0.000000000000000000e+00 1.000000000000000000e+00 7.778548579495174753e-01 5.552564480399644342e-01 2.943333091486219355e-01 9.686030412112813792e-01 -4.177415688419701123e-01 8.067439251752477336e-01 -4.179189166025916169e-01 -6.054566356573047869e-01 -4.695037823338440441e-01 2.021250011821312531e-01 8.594833810326630852e-01 1.089603061053466604e+00 0.000000000000000000e+00 0.000000000000000000e+00 0.000000000000000000e+00 1.000000000000000000e+00 2.120498982090909257e-01 -5.267676800384961666e-01 8.231346499427506513e-01 1.745517417333076082e+00 7.796341845295269302e-01 -4.166748886888074210e-01 -4.674960699825714272e-01 -1.421085471520200372e-14 5.892413588526298485e-01 7.408764056190684233e-01 3.223302229305777811e-01 -7.105427357601001859e-15 0.000000000000000000e+00 0.000000000000000000e+00 0.000000000000000000e+00 1.000000000000000000e+00 4.544555191539688677e-01 -5.185542063052575035e-01 -7.242732331334779117e-01 1.764339056983487808e+00 -4.105233971545856342e-01 5.996661914823792072e-01 -6.869286711017942304e-01 3.552713678800500929e-15 7.905319231372981426e-01 6.095096339814022324e-01 5.964297598797374533e-02 2.842170943040400743e-14 0.000000000000000000e+00 0.000000000000000000e+00 0.000000000000000000e+00 1.000000000000000000e+00
3.399662474638707188e-01 8.236296446637821900e-01 4.539351925290065481e-01 1.110000000000009379e+01 -6.779354275209765746e-01 -1.199007270016472226e-01 7.252774446902557903e-01 -1.421085471520200372e-14 6.517871636487518883e-01 -5.543086000555000892e-01 5.176055150471512434e-01 -4.973799150320701301e-14 0.000000000000000000e+00 0.000000000000000000e+00 0.000000000000000000e+00 1.000000000000000000e+00 5.954097280838414052e-01 7.301366022650082055e-01 -3.352428936398733073e-01 1.540080676525175107e+00 -3.451713086683985687e-01 -1.443263309119349191e-01 -9.273762331856708618e-01 -4.557088464854661680e-01 -7.254957087228506296e-01 6.678850591519531754e-01 1.660889050668972189e-01 9.963684965491097500e-01 0.000000000000000000e+00 0.000000000000000000e+00 0.000000000000000000e+00 1.000000000000000000e+00 -1.083214137494437068e-02 9.996430893914847182e-01 -2.442045341679072168e-02 1.668716634372273688e+00 -9.581843278482458093e-01 -3.392936123777667845e-03 2.861315813580626033e-01 -4.707447412342258275e-01 2.859466009226877548e-01 2.649871348402393911e-02 9.578790944604923530e-01 2.146113974343677455e-01 0.000000000000000000e+00 0.000000000000000000e+00 0.000000000000000000e+00 1.000000000000000000e+00 9.911793255921695911e-01 -1.020728231101531991e-01 -8.452622847953925045e-02 1.579296776945614766e+00 1.143003070065619076e-01 9.812140394549181410e-01 1.554170151391668087e-01 -4.845733256828896884e-01 6.707446859168986197e-02 -1.637075061165055023e-01 9.842260249070112765e-01 -4.677714594859025965e-01 0.000000000000000000e+00 0.000000000000000000e+00 0.000000000000000000e+00 1.000000000000000000e+00 9.606565025684813408e-01 -1.281119747151162058e-01 -2.464272834072695484e-01 9.686030412112955901e-01 5.261545649850917633e-02 9.551400943858643355e-01 -2.914429855632413857e-01 -6.054566356573030106e-01 2.727099151302475044e-01 2.670107151991389371e-01 9.243022125682148760e-01 1.089603061053480815e+00 0.000000000000000000e+00 0.000000000000000000e+00 0.000000000000000000e+00 1.000000000000000000e+00 -1.140687215796656329e-01 8.431177916709553521e-01 5.254909286800983903e-01 1.745517417333073862e+00 -8.446089659249450543e-02 -5.352584049151702938e-01 8.404551129682413801e-01 -4.085620730620576069e-14 9.898760951270479946e-01 5.148620529383696187e-02 1.322667265810574255e-01 -2.842170943040400743e-14 0.000000000000000000e+00 0.000000000000000000e+00 0.000000000000000000e+00 1.000000000000000000e+00 8.609261943008927886e-03 -9.261805834662371062e-01 -3.769819722731279077e-01 1.764339056983502019e+00 8.152369846717881785e-01 -2.118117198177622562e-01 5.390032042308211535e-01 1.010302952408892452e-14 -5.790635020721365267e-01 -3.119700661249126816e-01 7.532331235480621556e-01 3.552713678800500929e-14 0.000000000000000000e+00 0.000000000000000000e+00 0.000000000000000000e+00 1.000000000000000000e+00
