9.279713024659906884e-01 3.681647053754938392e-01 -5.765424108726673047e-02 1.668716634372269247e+00 -3.698425996972464214e-01 9.288477076938950194e-01 -2.140998274121252987e-02 -4.707447412296517086e-01 4.566960968472594945e-02 4.119084397742388964e-02 9.981070088540968666e-01 2.146113974793504298e-01 0.000000000000000000e+00 0.000000000000000000e+00 0.000000000000000000e+00 1.000000000000000000e+00 9.099352851212220150e-01 3.704140266101831891e-01 1.865776668891293844e-01 1.579296776945598779e+00 -3.722749046339346446e-01 9.277500264653768536e-01 -2.629227592445056161e-02 -4.845733256777577935e-01 -1.828364631881597424e-01 -4.553391355817190678e-02 9.820883312843715629e-01 -4.677714594409376758e-01 0.000000000000000000e+00 0.000000000000000000e+00 0.000000000000000000e+00 1.000000000000000000e+00 9.900496021449243234e-01 -1.130381873889154537e-01 -8.381022303099713855e-02 2.795271908140637862e+00 1.218021315748943484e-01 9.866484951265426240e-01 1.081156224064817178e-01 -7.105427357601001859e-15 7.047003644450011706e-02 -1.172480927621308427e-01 9.905992422302540845e-01 -5.329070518200751394e-15 0.000000000000000000e+00 0.000000000000000000e+00 0.000000000000000000e+00 1.000000000000000000e+00 8.797020240493522714e-01 2.667418862039475091e-01 3.936662482710870381e-01 1.151242977599590489e+00 -3.141297784210776434e-01 9.474842903459109733e-01 5.996667288444654242e-02 -6.408755305007218794e-01 -3.569969624416957088e-01 -1.764150948532065277e-01 9.172954175811283140e-01 -9.221213399115040232e-01 0.000000000000000000e+00 0.000000000000000000e+00 0.000000000000000000e+00 1.000000000000000000e+00 9.926836924745396917e-01 -3.362110936877549250e-16 -1.207438888520385584e-01 3.140679536733379962e+00 7.899148949896268564e-04 9.999786004353105051e-01 6.494205563144457571e-03 1.421085471520200372e-14 1.207413049853782033e-01 -6.542069354394134881e-03 9.926624494756464134e-01 1.421085471520200372e-14 0.000000000000000000e+00 0.000000000000000000e+00 0.000000000000000000e+00 1.000000000000000000e+00 9.992935674743281815e-01 5.784411914044162994e-03 -3.713363143080650186e-02 1.669381409719772336e+00 -5.831245821787855305e-03 9.999823333746041820e-01 -1.153044165588718072e-03 -2.131628207280300558e-14 3.712630572244157712e-02 1.368764950815310561e-03 9.993096436570164665e-01 -1.776356839400250465e-15 0.000000000000000000e+00 0.000000000000000000e+00 0.000000000000000000e+00 1.000000000000000000e+00
9.758538342732114845e-01 -1.291020518388753813e-01 1.761872706675026434e-01 1.668716634372252372e+00 2.181219503985693531e-01 5.335430679766592910e-01 -8.171625354654836748e-01 -4.707447412342133930e-01 1.149386308407829120e-02 8.358615045718076342e-01 5.488200399824684217e-01 2.146113974343890618e-01 0.000000000000000000e+00 0.000000000000000000e+00 0.000000000000000000e+00 1.000000000000000000e+00 -1.526781403739767562e-01 -6.297511559073140086e-01 7.616448431423574750e-01 1.579296776945584568e+00 9.565650061075436916e-02 7.576449394285175165e-01 6.456190669808806737e-01 -4.845733256828594904e-01 -9.836357147556453739e-01 1.714281989398476480e-01 -5.543602858602914019e-02 -4.677714594858848329e-01 0.000000000000000000e+00 0.000000000000000000e+00 0.000000000000000000e+00 1.000000000000000000e+00 2.111513346910667277e-01 -9.763200533301140682e-01 4.705600199405432504e-02 2.795271908140659178e+00 9.206766511814113985e-01 2.148242652753413751e-01 3.258911459648630160e-01 -4.263256414560601115e-14 -3.282828320633948138e-01 -2.548898810061034359e-02 9.442355075181423363e-01 -1.421085471520200372e-14 0.000000000000000000e+00 0.000000000000000000e+00 0.000000000000000000e+00 1.000000000000000000e+00 -4.074199873305206498e-01 -7.616970056217321761e-02 9.100588610852966553e-01 1.151242977599574502e+00 -7.951049286106204317e-01 5.197904819436369728e-01 -3.124516080609955337e-01 -6.408755305062072694e-01 -4.492405885744282235e-01 -8.508913159722989450e-01 -2.723359358957808674e-01 -9.221213399563268354e-01 0.000000000000000000e+00 0.000000000000000000e+00 0.000000000000000000e+00 1.000000000000000000e+00 6.654268042986741793e-01 -5.437560392471446624e-01 5.114064312297134096e-01 3.140679536733401278e+00 2.502704120689109857e-01 8.079687786838515295e-01 5.334333824527508483e-01 3.552713678800500929e-15 -7.032580528964538225e-01 -2.269709727132150356e-01 6.737301303800400376e-01 3.552713678800500929e-14 0.000000000000000000e+00 0.000000000000000000e+00 0.000000000000000000e+00 1.000000000000000000e+00 7.788457274645174122e-01 -2.861454055896516802e-01 5.581398925629671437e-01 1.669381409719774112e+00 -4.703376239566978700e-01 3.222631931430748331e-01 8.215405978014701516e-01 -4.263256414560601115e-14 -4.149480115641410727e-01 -9.023675754398331472e-01 1.164083609273941500e-01 1.421085471520200372e-14 0.000000000000000000e+00 0.000000000000000000e+00 0.000000000000000000e+00 1.000000000000000000e+00
5.018165082056089688e-01 -5.996839819198506241e-03 -8.649533108812943460e-01 1.668716634372259477e+00 -1.274695078302996165e-01 9.885452553156703903e-01 -8.080719501614525013e-02 -4.707447412342311566e-01 8.555300793460340891e-01 1.508055572751184348e-01 4.953039140054414924e-01 2.146113974343748509e-01 0.000000000000000000e+00 0.000000000000000000e+00 0.000000000000000000e+00 1.000000000000000000e+00 4.820381341886087467e-01 -8.723222908748449189e-01 -8.181111190313543335e-02 1.579296776945597003e+00 7.133360989458328305e-01 3.365305129846206666e-01 6.147347588765817994e-01 -4.845733256828985702e-01 -5.087148976870107253e-01 -3.546844156051553454e-01 7.844795205727957965e-01 -4.677714594858999320e-01 0.000000000000000000e+00 0.000000000000000000e+00 0.000000000000000000e+00 1.000000000000000000e+00 1.694962906845922657e-01 9.053208879320475688e-01 3.894420333221529917e-01 2.795271908140648520e+00 -9.494899744996723734e-02 4.083222017473789878e-01 -9.078863736412275953e-01 -7.105427357601001859e-15 -9.809463264253606152e-01 1.169062420664586932e-01 1.551684092800085235e-01 1.776356839400250465e-15 0.000000000000000000e+00 0.000000000000000000e+00 0.000000000000000000e+00 1.000000000000000000e+00 7.077695220906932150e-01 -3.768737662526501775e-01 -5.975185921040906400e-01 1.151242977599594042e+00 2.723334242124718640e-01 9.259952557572547205e-01 -2.614713987643128568e-01 -6.408755305062356911e-01 6.518410923347972563e-01 2.233720272548053373e-02 7.580265428849963794e-01 -9.221213399563370494e-01 0.000000000000000000e+00 0.000000000000000000e+00 0.000000000000000000e+00 1.000000000000000000e+00 1.015153751563805384e-01 -6.144138753950345588e-01 7.824258548443515648e-01 3.140679536733379962e+00 4.588768227200132888e-01 -6.689048930130030435e-01 -5.848062120682787635e-01 1.065814103640150279e-14 8.826815338372299147e-01 4.184039122968595814e-01 2.140361558182098944e-01 2.842170943040400743e-14 0.000000000000000000e+00 0.000000000000000000e+00 0.000000000000000000e+00 1.000000000000000000e+00 1.798988071927202226e-01 5.372727695074047682e-01 -8.239990232497119704e-01 1.669381409719765230e+00 -2.532617162929013399e-01 8.347240365141455065e-01 4.889726842328774858e-01 -2.131628207280300558e-14 9.505234990419807461e-01 1.207218042085791698e-01 2.862364822268730347e-01 -8.881784197001252323e-15 0.000000000000000000e+00 0.000000000000000000e+00 0.000000000000000000e+00 1.000000000000000000e+00
7.178444932069372175e-02 5.382718883939571208e-01 -8.397085012077276645e-01 1.668716634372284346e+00 4.685352252698916226e-02 8.391312648350488512e-01 5.419072501850700219e-01 -4.707447412342240511e-01 9.963190956026777290e-01 -7.824381471486722972e-02 3.501664170544993571e-02 2.146113974343677455e-01 0.000000000000000000e+00 0.000000000000000000e+00 0.000000000000000000e+00 1.000000000000000000e+00 9.890402899355681399e-01 -1.476347529882109377e-01 1.812344966399898061e-03 1.579296776945607661e+00 6.745109828530276852e-02 4.408837096514619525e-01 -8.950262029147928455e-01 -4.845733256828896884e-01 1.313379390133472546e-01 8.853392198892329201e-01 4.460098782556849439e-01 -4.677714594859097019e-01 0.000000000000000000e+00 0.000000000000000000e+00 0.000000000000000000e+00 1.000000000000000000e+00 5.805052074642623738e-01 -3.517399377188296095e-02 8.134964623580173138e-01 2.795271908140652073e+00 -1.161535362601726074e-01 9.852721589874325892e-01 1.254875640790753810e-01 0.000000000000000000e+00 -8.059293145934885993e-01 -1.673366752579326933e-01 5.678700353007637425e-01 7.105427357601001859e-15 0.000000000000000000e+00 0.000000000000000000e+00 0.000000000000000000e+00 1.000000000000000000e+00 9.803764062475038843e-01 1.769660340791969211e-01 -8.686267815068654530e-02 1.151242977599597594e+00 -1.736632341633302379e-01 9.838094982801485200e-01 4.427134732188256483e-02 -6.408755305062321384e-01 9.329085256959318562e-02 -2.831773077142561712e-02 9.952361141713033099e-01 -9.221213399563481516e-01 0.000000000000000000e+00 0.000000000000000000e+00 0.000000000000000000e+00 1.000000000000000000e+00 6.196028033423683912e-01 -3.670243998181066947e-01 -6.938194693350979714e-01 3.140679536733387067e+00 7.843049687915225610e-01 2.546412921061270707e-01 5.657062208279582949e-01 5.773159728050814010e-15 -3.095290001287386711e-02 -8.946792175370346101e-01 4.456355188807468171e-01 0.000000000000000000e+00 0.000000000000000000e+00 0.000000000000000000e+00 0.000000000000000000e+00 1.000000000000000000e+00 3.343723852066060598e-02 5.628325586251502477e-01 -8.258943407189441865e-01 1.669381409719775888e+00 -2.468979833207713553e-02 8.265694066433155740e-01 5.622930106800534400e-01 -3.552713678800500929e-14 9.991358090562233452e-01 1.589639199345183485e-03 4.153442077099545049e-02 1.421085471520200372e-14 0.000000000000000000e+00 0.000000000000000000e+00 0.000000000000000000e+00 1.000000000000000000e+00
3.407201737203655600e-01 9.356891584973048293e-01 9.162729882829445671e-02 1.668716634372232832e+00 -3.619530627511318155e-01 2.204958272552209886e-01 -9.057436560794178693e-01 -4.707447412342204984e-01 -8.676979564255289379e-01 2.754403544029839224e-01 4.138029332681433248e-01 2.146113974344245889e-01 0.000000000000000000e+00 0.000000000000000000e+00 0.000000000000000000e+00 1.000000000000000000e+00 3.179985332328162384e-01 9.407130933700743602e-01 -1.180500267847637286e-01 1.579296776945573910e+00 -3.112989405766036777e-01 2.212101629105206468e-01 9.242072459253851680e-01 -4.845733256828914648e-01 8.955277228861548977e-01 -2.571477003342765855e-01 3.631874966943815508e-01 -4.677714594858599639e-01 0.000000000000000000e+00 0.000000000000000000e+00 0.000000000000000000e+00 1.000000000000000000e+00 3.806232629603827355e-01 5.216504874404718217e-01 -7.635487545969212864e-01 2.795271908140634309e+00 -9.212332388578314823e-01 1.421615001508662601e-01 -3.621041666404366532e-01 -1.421085471520200372e-14 -8.034457864038561936e-02 8.412317616614184423e-01 5.346717421513178525e-01 0.000000000000000000e+00 0.000000000000000000e+00 0.000000000000000000e+00 0.000000000000000000e+00 1.000000000000000000e+00 1.398500869069653207e-01 4.621581902903224570e-01 8.757007253278306091e-01 1.151242977599567396e+00 -7.254156835220539890e-01 -5.541341245871156396e-01 4.082982464673370337e-01 -6.408755305062321384e-01 6.739540335158958895e-01 -6.923475854768652571e-01 2.577610940231463976e-01 -9.221213399562913082e-01 0.000000000000000000e+00 0.000000000000000000e+00 0.000000000000000000e+00 1.000000000000000000e+00 1.961778234481202920e-01 -5.455746664398413159e-01 8.147776045806696121e-01 3.140679536733376409e+00 4.074570824751924669e-01 8.011462078695572586e-01 4.383417383241441923e-01 1.421085471520200372e-14 -8.919041358397002961e-01 2.459939774776695454e-01 3.794653811835191348e-01 1.243449787580175325e-14 0.000000000000000000e+00 0.000000000000000000e+00 0.000000000000000000e+00 1.000000000000000000e+00 8.132181227371907406e-01 -5.561163004566869184e-01 -1.714961959291439741e-01 1.669381409719775888e+00 4.236192218673778820e-01 3.636140954386500868e-01 8.296574862332104505e-01 -1.421085471520200372e-14 -3.990276177362624410e-01 -7.473415885421473837e-01 5.312791265606272573e-01 -2.220446049250313081e-16 0.000000000000000000e+00 0.000000000000000000e+00 0.000000000000000000e+00 1.000000000000000000e+00
2.020825523439429006e-02 -9.874970281739730016e-01 -1.563369622576610829e-01 1.668716634372238161e+00 -3.188773009859630081e-02 1.556527426813851811e-01 -9.872970152719604542e-01 -4.707447412342560256e-01 9.992871454639755679e-01 2.493678093367823756e-02 -2.834356835553863974e-02 2.146113974344316944e-01 0.000000000000000000e+00 0.000000000000000000e+00 0.000000000000000000e+00 1.000000000000000000e+00 3.834954320412623519e-01 6.625903837624155246e-01 -6.433546743041979044e-01 1.579296776945579239e+00 -5.870784807716096509e-02 7.126970041879358009e-01 6.990109933296403399e-01 -4.845733256828879121e-01 9.216749113313407182e-01 -2.302975544097601579e-01 3.122153011228775421e-01 -4.677714594858350949e-01 0.000000000000000000e+00 0.000000000000000000e+00 0.000000000000000000e+00 1.000000000000000000e+00 3.947108648941732856e-02 -5.024720074862448760e-01 -8.636920255647196898e-01 2.795271908140634309e+00 3.627286272078821261e-01 8.126078780322647521e-01 -4.561758208890355215e-01 -2.842170943040400743e-14 9.310585246563347628e-01 -2.952800674827935623e-01 2.143354973216676784e-01 -1.421085471520200372e-14 0.000000000000000000e+00 0.000000000000000000e+00 0.000000000000000000e+00 1.000000000000000000e+00 6.944029859029064999e-01 -6.660022165575111286e-01 -2.724803492173519248e-01 1.151242977599576278e+00 7.187119832253957563e-01 6.605743135267316823e-01 2.170130444855923324e-01 -6.408755305062641128e-01 3.546235098447818312e-02 -3.465293982466269851e-01 9.373685496182834198e-01 -9.221213399562770974e-01 0.000000000000000000e+00 0.000000000000000000e+00 0.000000000000000000e+00 1.000000000000000000e+00 -1.688982642227121467e-02 7.829818233477082723e-01 -6.218152443214334246e-01 3.140679536733394173e+00 -1.081138344935711343e-01 6.168274829987063779e-01 7.796378999308443136e-01 1.421085471520200372e-14 9.939950364838460173e-01 8.039477921220293533e-02 7.423305814055414231e-02 1.287858708565181587e-14 0.000000000000000000e+00 0.000000000000000000e+00 0.000000000000000000e+00 1.000000000000000000e+00 1.429667878987663787e-01 -3.385193954869301081e-01 -9.300350081782257083e-01 1.669381409719764342e+00 -1.941067460307185355e-01 9.118486603191683360e-01 -3.617382918900126643e-01 -2.842170943040400743e-14 9.705066041523237041e-01 2.322426307836295556e-01 6.465517568937084736e-02 0.000000000000000000e+00 0.000000000000000000e+00 0.000000000000000000e+00 0.000000000000000000e+00 1.000000000000000000e+00
-2.640657108046373658e-02 8.431411805618997946e-01 -5.370434271494791689e-01 1.668716634372266583e+00 -4.568798177223581253e-02 5.356514487141741387e-01 8.432023089460713994e-01 -4.707447412342560256e-01 9.986066799923540849e-01 4.680251201690004831e-02 2.437670083410936606e-02 2.146113974343686337e-01 0.000000000000000000e+00 0.000000000000000000e+00 0.000000000000000000e+00 1.000000000000000000e+00 2.150384996811551819e-01 -3.329278148560805839e-01 -9.181053935959820889e-01 1.579296776945589897e+00 -3.929376017069499682e-02 9.363876868786743524e-01 -3.487608066765152670e-01 -4.845733256829021229e-01 9.758147590944327154e-01 1.110728137626893347e-01 1.882774175951890117e-01 -4.677714594859061492e-01 0.000000000000000000e+00 0.000000000000000000e+00 0.000000000000000000e+00 1.000000000000000000e+00 7.109821976763371909e-01 -6.440476062952912306e-01 2.823242735094367295e-01 2.795271908140655626e+00 6.819872142728878872e-01 5.336245014874150261e-01 -5.001383118504457714e-01 -3.552713678800500929e-14 1.714577328545777435e-01 5.481309809138809053e-01 8.186297536779095774e-01 0.000000000000000000e+00 0.000000000000000000e+00 0.000000000000000000e+00 0.000000000000000000e+00 1.000000000000000000e+00 4.255974706963061571e-01 -3.515046797675971946e-01 -8.338532562977647444e-01 1.151242977599579831e+00 7.925884816988111592e-02 9.324123214702264573e-01 -3.525979264789950163e-01 -6.408755305062499019e-01 9.014348717038245251e-01 8.397453704535688679e-02 4.246921817085020923e-01 -9.221213399563472635e-01 0.000000000000000000e+00 0.000000000000000000e+00 0.000000000000000000e+00 1.000000000000000000e+00 5.925828391991998512e-01 6.326342620278341267e-01 -4.986175580493661386e-01 3.140679536733397725e+00 -7.900086202000800029e-01 3.355965454242919588e-01 -5.130899908484349847e-01 0.000000000000000000e+00 -1.572639777450041410e-01 6.979604925837700202e-01 6.986552741488751828e-01 7.105427357601001859e-15 0.000000000000000000e+00 0.000000000000000000e+00 0.000000000000000000e+00 1.000000000000000000e+00 3.050126162120367912e-01 9.441837938706921785e-01 1.244357960694390253e-01 1.669381409719763454e+00 -2.063593634752781125e-01 -6.203276673862068158e-02 9.765079359415518301e-01 -2.398081733190338127e-14 9.297220644136432455e-01 -3.235257319637778184e-01 1.759203902330116476e-01 1.421085471520200372e-14 0.000000000000000000e+00 0.000000000000000000e+00 0.000000000000000000e+00 1.000000000000000000e+00
7.235818296660083693e-01 -5.025772895566641418e-01 -4.731230324123618658e-01 1.668716634372282570e+00 4.227669691790447715e-02 7.164311477569103026e-01 -6.963756826752552920e-01 -4.707447412342133930e-01 6.889426802535196792e-01 4.838827115588996142e-01 5.396438684720725742e-01 2.146113974343446529e-01 0.000000000000000000e+00 0.000000000000000000e+00 0.000000000000000000e+00 1.000000000000000000e+00 3.480359274222245558e-01 5.263857223305687949e-01 -7.757506458584985110e-01 1.579296776945612990e+00 -9.155765816910054200e-01 3.686841932752086270e-01 -1.605972872997004919e-01 -4.845733256828879121e-01 2.014708819714798316e-01 7.661527504065583916e-01 6.102617854348246773e-01 -4.677714594859327946e-01 0.000000000000000000e+00 0.000000000000000000e+00 0.000000000000000000e+00 1.000000000000000000e+00 1.452164455293611933e-01 -9.374768632517433975e-01 3.163057299757467966e-01 2.795271908140648520e+00 5.678206429231820174e-01 -1.828383791805194836e-01 -8.025894620345728203e-01 -2.486899575160350651e-14 8.102418783413520842e-01 2.961541118510978010e-01 5.057675756862682892e-01 8.881784197001252323e-16 0.000000000000000000e+00 0.000000000000000000e+00 0.000000000000000000e+00 1.000000000000000000e+00 4.912601252625945492e-01 5.237037899058795132e-01 6.959869465479927575e-01 1.151242977599599371e+00 3.722378688297595106e-01 5.961780639065168419e-01 -7.113442803071913234e-01 -6.408755305062072694e-01 -7.874658458219370161e-01 6.085277779648975427e-01 9.793612770089388242e-02 -9.221213399563712443e-01 0.000000000000000000e+00 0.000000000000000000e+00 0.000000000000000000e+00 1.000000000000000000e+00 1.799999796405642449e-01 9.467030104520788303e-01 -2.671206044661615930e-01 3.140679536733388844e+00 -9.718940057340921257e-01 1.292753392525881617e-01 -1.967483882507522208e-01 0.000000000000000000e+00 -1.517301846948620747e-01 2.950276201681790722e-01 9.433645395022879354e-01 1.421085471520200372e-14 0.000000000000000000e+00 0.000000000000000000e+00 0.000000000000000000e+00 1.000000000000000000e+00 3.382464209162926450e-01 -8.831683722926270130e-01 -3.249661288800881342e-01 1.669381409719765230e+00 8.086935895366261784e-01 4.493850757806049367e-01 -3.795625533532341889e-01 -2.975397705995419528e-14 4.812525708811175029e-01 -1.344123500562794948e-01 8.662154946505304931e-01 -7.105427357601001859e-15 0.000000000000000000e+00 0.000000000000000000e+00 0.000000000000000000e+00 1.000000000000000000e+00
1.009423604472676761e-01 9.945648253709513664e-01 -2.552347942939513573e-02 1.668716634372291896e+00 -6.585333172963594994e-02 3.227757282408805217e-02 9.973071227022757279e-01 -4.707447412342098403e-01 9.927104202976012592e-01 -9.898972889868191960e-02 6.875358176215284889e-02 2.146113974343535347e-01 0.000000000000000000e+00 0.000000000000000000e+00 0.000000000000000000e+00 1.000000000000000000e+00 7.457931371185210212e-01 4.297017202613917508e-01 5.090668209884784412e-01 1.579296776945615211e+00 -2.053491585381696516e-01 8.752357196958231444e-01 -4.379430991078638868e-01 -4.845733256828772539e-01 -6.337383685043699311e-01 2.220785144333760619e-01 7.409836797882152215e-01 -4.677714594859310182e-01 0.000000000000000000e+00 0.000000000000000000e+00 0.000000000000000000e+00 1.000000000000000000e+00 1.122615985445435394e-01 6.249821142111010586e-01 -7.725248801226055617e-01 2.795271908140634309e+00 7.430358366303901896e-02 7.699829585268159748e-01 6.337233000554116646e-01 -1.065814103640150279e-14 9.908967206258448845e-01 -1.285441577611132202e-01 4.000110696508984987e-02 0.000000000000000000e+00 0.000000000000000000e+00 0.000000000000000000e+00 0.000000000000000000e+00 1.000000000000000000e+00 3.589317531257026905e-01 -5.240634161828071624e-01 -7.723506537945803441e-01 1.151242977599608697e+00 7.956916318396443089e-01 -2.607477118386694048e-01 5.467041775871686049e-01 -6.408755305062125984e-01 -4.878963246617807337e-01 -8.107824409727336645e-01 3.234022414761872355e-01 -9.221213399563765734e-01 0.000000000000000000e+00 0.000000000000000000e+00 0.000000000000000000e+00 1.000000000000000000e+00 9.643015034138602282e-01 -2.646476787693637367e-01 9.176962229228436893e-03 3.140679536733379962e+00 1.818861970440160958e-01 6.871330602819962774e-01 7.033957412384325147e-01 -7.105427357601001859e-15 -1.924578443156692020e-01 -6.766164080108360013e-01 7.107392029231816011e-01 2.131628207280300558e-14 0.000000000000000000e+00 0.000000000000000000e+00 0.000000000000000000e+00 1.000000000000000000e+00 5.267300160856195346e-01 8.409012069345651597e-01 1.242604133681952522e-01 1.669381409719761677e+00 -7.776783616284053124e-01 5.357360418063559226e-01 -3.289426384107386747e-01 -2.842170943040400743e-14 -3.431790436629288954e-01 7.662932653788807891e-02 9.361389268185290602e-01 1.421085471520200372e-14 0.000000000000000000e+00 0.000000000000000000e+00 0.000000000000000000e+00 1.000000000000000000e+00
1.558753237493734067e-01 -2.543297790845093220e-01 -9.544732824531302340e-01 1.668716634372273688e+00 4.113528903938307862e-02 9.671175438674689540e-01 -2.509811633158963717e-01 -4.707447412342133930e-01 9.869198404336972930e-01 -1.407642672185405717e-04 1.612116892280042180e-01 2.146113974343695219e-01 0.000000000000000000e+00 0.000000000000000000e+00 0.000000000000000000e+00 1.000000000000000000e+00 -1.522936355360660077e-01 -6.970668271981363961e-01 7.006457642740241409e-01 1.579296776945611214e+00 3.354610553225968045e-02 7.048608037505326163e-01 7.085519784319084247e-01 -4.845733256828737012e-01 -9.877658160610878202e-01 1.314118935107347619e-01 -8.396193700181608932e-02 -4.677714594859070374e-01 0.000000000000000000e+00 0.000000000000000000e+00 0.000000000000000000e+00 1.000000000000000000e+00 4.705744017055534245e-01 -8.823593001743096353e-01 1.340841289204474556e-03 2.795271908140650297e+00 1.189040103807348925e-01 6.190725793238593955e-02 -9.909739288854531036e-01 -1.421085471520200372e-14 8.743120545748174210e-01 4.664863950976442797e-01 1.340480302502279342e-01 -7.105427357601001859e-15 0.000000000000000000e+00 0.000000000000000000e+00 0.000000000000000000e+00 1.000000000000000000e+00 -2.974763975844287867e-01 9.547209837280463685e-01 3.954252083805037676e-03 1.151242977599579831e+00 -8.956345602114290649e-01 -2.776266687077053597e-01 -3.475085141074129025e-01 -6.408755305062214802e-01 -3.306758646092435860e-01 -1.069171457326347080e-01 9.376684896664255753e-01 -9.221213399563445989e-01 0.000000000000000000e+00 0.000000000000000000e+00 0.000000000000000000e+00 1.000000000000000000e+00 2.646790096056672592e-01 -2.037964172859979897e-02 -9.641212019643470299e-01 3.140679536733381738e+00 -6.814450492069435983e-01 7.034560919098211684e-01 -2.019459622431393764e-01 2.842170943040400743e-14 6.823325192202914780e-01 7.104464771944295487e-01 1.723024557471990459e-01 1.065814103640150279e-14 0.000000000000000000e+00 0.000000000000000000e+00 0.000000000000000000e+00 1.000000000000000000e+00 8.190949677826657727e-01 3.964217868139024437e-01 -4.146482855292983327e-01 1.669381409719747467e+00 -5.677280746580415371e-01 6.638384281823193067e-01 -4.868299236011494058e-01 -1.421085471520200372e-14 8.226947792581970620e-02 6.341674133915274902e-01 7.688064937252497844e-01 7.105427357601001859e-15 0.000000000000000000e+00 0.000000000000000000e+00 0.000000000000000000e+00 1.000000000000000000e+00
6.662588420371898801e-01 6.381805873713674027e-01 3.857780363234787901e-01 1.668716634372273688e+00 -4.866346681287992415e-01 -1.990919656251244341e-02 8.733786828560728965e-01 -4.707447412342133930e-01 5.650538515773839698e-01 -7.696292365773093058e-01 2.972961200940773541e-01 2.146113974343748509e-01 0.000000000000000000e+00 0.000000000000000000e+00 0.000000000000000000e+00 1.000000000000000000e+00 4.991446267456619568e-01 -7.456896412934452822e-01 -4.413633429030856536e-01 1.579296776945597003e+00 8.242897655699170656e-01 5.656793544971036036e-01 -2.352127276384824439e-02 -4.845733256828879121e-01 2.672097003621406452e-01 -3.520707695384454605e-01 8.970201498678732621e-01 -4.677714594858954911e-01 0.000000000000000000e+00 0.000000000000000000e+00 0.000000000000000000e+00 1.000000000000000000e+00 6.546926586515126045e-01 -4.691738164538321598e-01 5.926663923844172066e-01 2.795271908140648520e+00 2.847229881409524266e-01 8.793742319145149144e-01 3.816199421791842683e-01 -2.486899575160350651e-14 -7.002216382916920390e-01 -8.109802832931722882e-02 7.093044248199753543e-01 1.421085471520200372e-14 0.000000000000000000e+00 0.000000000000000000e+00 0.000000000000000000e+00 1.000000000000000000e+00 -2.637763065721343558e-01 9.376634616728855010e-01 2.262947032848633411e-01 1.151242977599586936e+00 -3.787447374102481668e-02 2.243543847161084681e-01 -9.737713460035146706e-01 -6.408755305062321384e-01 -9.638400200915105964e-01 -2.654286018918787793e-01 -2.366586080663068969e-02 -9.221213399563339408e-01 0.000000000000000000e+00 0.000000000000000000e+00 0.000000000000000000e+00 1.000000000000000000e+00 6.583878043610004172e-01 -7.517023546060920269e-01 3.832843785439285500e-02 3.140679536733379962e+00 5.271143876859206712e-01 4.968326757360214119e-01 6.894256411067709589e-01 0.000000000000000000e+00 -5.372856980817541928e-01 -4.337059630678858357e-01 7.233417008828950667e-01 1.243449787580175325e-14 0.000000000000000000e+00 0.000000000000000000e+00 0.000000000000000000e+00 1.000000000000000000e+00 5.335934687405352594e-02 2.271656282457849840e-01 -9.723932113321608339e-01 1.669381409719775888e+00 -1.129572978402830219e-01 9.689033937395162832e-01 2.201519077016356463e-01 -3.197442310920450836e-14 9.921660289315473724e-01 9.809174758227995339e-02 7.736006780282855821e-02 7.105427357601001859e-15 0.000000000000000000e+00 0.000000000000000000e+00 0.000000000000000000e+00 1.000000000000000000e+00
2.047871734191089033e-01 8.491312827074393166e-01 -4.868657703419194682e-01 1.668716634372259477e+00 -2.976987007961141574e-01 5.278765374659248888e-01 7.954381463931005092e-01 -4.707447412342204984e-01 9.324364306199740549e-01 -1.795622233668980536e-02 3.608876236892556433e-01 2.146113974344006081e-01 0.000000000000000000e+00 0.000000000000000000e+00 0.000000000000000000e+00 1.000000000000000000e+00 4.123016881879102424e-01 6.894924304237934898e-01 -5.954892999086460748e-01 1.579296776945589897e+00 -7.525778366502824390e-01 -1.106179827508646518e-01 -6.491457938513582882e-01 -4.845733256828808067e-01 -5.134529362075750392e-01 7.157959557586361932e-01 4.732887406429614474e-01 -4.677714594858795039e-01 0.000000000000000000e+00 0.000000000000000000e+00 0.000000000000000000e+00 1.000000000000000000e+00 9.945840441250491937e-01 -1.033673545240816893e-01 -1.085215142517652505e-02 2.795271908140669836e+00 3.349288514011183882e-02 4.175924473213943333e-01 -9.080169461993095048e-01 -1.776356839400250465e-14 9.839108606399986356e-02 9.027356966237798375e-01 4.187928559853012489e-01 0.000000000000000000e+00 0.000000000000000000e+00 0.000000000000000000e+00 0.000000000000000000e+00 1.000000000000000000e+00 5.312459881691495855e-01 8.404193786335135696e-01 -1.071119417779479444e-01 1.151242977599579831e+00 -8.469552447735902989e-01 5.299661898537116889e-01 -4.245763726878033079e-02 -6.408755305062285856e-01 2.108348654021620708e-02 1.132744703328969899e-01 9.933400127680904745e-01 -9.221213399563144009e-01 0.000000000000000000e+00 0.000000000000000000e+00 0.000000000000000000e+00 1.000000000000000000e+00 2.322619433364805364e-01 -8.740636288944698684e-01 -4.266932883481904804e-01 3.140679536733397725e+00 -5.740268855031094297e-02 4.256074727253640333e-01 -9.030853838411539991e-01 -7.105427357601001859e-15 9.709579398845027409e-01 2.342457081872771907e-01 4.867881645113736333e-02 1.421085471520200372e-14 0.000000000000000000e+00 0.000000000000000000e+00 0.000000000000000000e+00 1.000000000000000000e+00 2.069336265803077834e-01 -9.717510956649264564e-01 1.134825196421752058e-01 1.669381409719772336e+00 6.368612532625790301e-01 4.574170859678416967e-02 -7.696203220988022675e-01 -3.552713678800500929e-14 7.426885069012034712e-01 2.315329440245206816e-01 6.283361182903616227e-01 -7.105427357601001859e-15 0.000000000000000000e+00 0.000000000000000000e+00 0.000000000000000000e+00 1.000000000000000000e+00
1.340621900007397116e-01 9.877052156638286284e-01 -8.040980140924967878e-02 1.668716634372259477e+00 -6.761337174087141966e-01 1.504894681133495116e-01 7.212462243714237164e-01 -4.707447412342204984e-01 7.244794858346773614e-01 -4.232407042606544517e-02 6.879957468380824004e-01 2.146113974343606401e-01 0.000000000000000000e+00 0.000000000000000000e+00 0.000000000000000000e+00 1.000000000000000000e+00 5.219319670349807927e-01 2.860720215674510958e-01 -8.035856023245486757e-01 1.579296776945597003e+00 -6.477944648356868118e-01 7.458317736528294883e-01 -1.552330400981718206e-01 -4.845733256828879121e-01 5.549318454686501534e-01 6.015793911747527867e-01 5.745893168155599140e-01 -4.677714594859168074e-01 0.000000000000000000e+00 0.000000000000000000e+00 0.000000000000000000e+00 1.000000000000000000e+00 2.251094986299646550e-01 3.621760678830320823e-01 9.045187723200396324e-01 2.795271908140648520e+00 -4.884255088418790747e-01 8.452243348175071391e-01 -2.168786438191971366e-01 -4.263256414560601115e-14 -8.430695320903951462e-01 -3.929685988537607866e-01 3.671640564867353351e-01 -3.552713678800500929e-15 0.000000000000000000e+00 0.000000000000000000e+00 0.000000000000000000e+00 1.000000000000000000e+00 7.846972094448686486e-01 -4.551701807311778203e-01 -4.207973337161047822e-01 1.151242977599576278e+00 4.333571570926316174e-01 8.882024590087054250e-01 -1.526367131704598479e-01 -6.408755305062356911e-01 4.432289068709622248e-01 -6.258193336767388371e-02 8.942212465212040495e-01 -9.221213399563694679e-01 0.000000000000000000e+00 0.000000000000000000e+00 0.000000000000000000e+00 1.000000000000000000e+00 2.494364171070897473e-01 -9.236176167088617772e-01 -2.910532115023302113e-01 3.140679536733387067e+00 3.448297101137715592e-01 3.655671150993236029e-01 -8.645537319223197681e-01 0.000000000000000000e+00 9.049165402641452527e-01 1.152873907372361784e-01 4.096765464282396962e-01 2.842170943040400743e-14 0.000000000000000000e+00 0.000000000000000000e+00 0.000000000000000000e+00 1.000000000000000000e+00 5.414679392203092245e-01 -7.270066273921045319e-01 -4.222248625134114031e-01 1.669381409719768783e+00 -2.327549208792650537e-01 3.529569570055997030e-01 -9.062265353143408309e-01 -4.973799150320701301e-14 8.078598997369522694e-01 5.889675290109843697e-01 2.190050610594274083e-02 -1.065814103640150279e-14 0.000000000000000000e+00 0.000000000000000000e+00 0.000000000000000000e+00 1.000000000000000000e+00
-1.083214137494437068e-02 9.996430893914847182e-01 -2.442045341679072168e-02 1.668716634372273688e+00 -9.581843278482458093e-01 -3.392936123777667845e-03 2.861315813580626033e-01 -4.707447412342258275e-01 2.859466009226877548e-01 2.649871348402393911e-02 9.578790944604923530e-01 2.146113974343677455e-01 0.000000000000000000e+00 0.000000000000000000e+00 0.000000000000000000e+00 1.000000000000000000e+00 9.911793255921695911e-01 -1.020728231101531991e-01 -8.452622847953925045e-02 1.579296776945614766e+00 1.143003070065619076e-01 9.812140394549181410e-01 1.554170151391668087e-01 -4.845733256828896884e-01 6.707446859168986197e-02 -1.637075061165055023e-01 9.842260249070112765e-01 -4.677714594859025965e-01 0.000000000000000000e+00 0.000000000000000000e+00 0.000000000000000000e+00 1.000000000000000000e+00 3.123174202609946271e-02 9.763170043783990781e-01 -2.140786893915505307e-01 2.795271908140655626e+00 -6.217543340259481521e-01 1.866763788532418422e-01 7.606401762319621174e-01 -1.776356839400250465e-14 7.825893727939094990e-01 1.093482351930280122e-01 6.128595573622113157e-01 -1.421085471520200372e-14 0.000000000000000000e+00 0.000000000000000000e+00 0.000000000000000000e+00 1.000000000000000000e+00 -3.352031723840909194e-03 -3.419864150686288684e-01 9.396989176283168099e-01 1.151242977599594042e+00 -6.147168717664667215e-01 7.418918219227497168e-01 2.678053250586931999e-01 -6.408755305062339147e-01 -7.887407251112192874e-01 -5.767510871014032148e-01 -2.127116641803592501e-01 -9.221213399563481516e-01 0.000000000000000000e+00 0.000000000000000000e+00 0.000000000000000000e+00 1.000000000000000000e+00 4.262068637048925801e-01 1.303732654649712441e-01 8.951818368258145364e-01 3.140679536733401278e+00 -4.428683713036602604e-02 9.913809832257395316e-01 -1.232981028051707284e-01 0.000000000000000000e+00 -9.035410258465453870e-01 1.290572548778850734e-02 4.283071991711163706e-01 1.421085471520200372e-14 0.000000000000000000e+00 0.000000000000000000e+00 0.000000000000000000e+00 1.000000000000000000e+00 4.184195018813429146e-01 6.198694338799917714e-02 9.061361593572910822e-01 1.669381409719754572e+00 2.234679024168199357e-01 9.599733194378711199e-01 -1.688588835592064463e-01 -1.421085471520200372e-14 -8.803335828166477528e-01 2.731461967826899206e-01 3.878194659224269980e-01 0.000000000000000000e+00 0.000000000000000000e+00 0.000000000000000000e+00 0.000000000000000000e+00 1.000000000000000000e+00
2.300676055837557188e-01 8.971274856720384827e-01 -3.771354813760219304e-01 1.668716634372245267e+00 -9.731280927484896592e-01 2.158698030271442025e-01 -8.013702792535346009e-02 -4.707447412342595783e-01 9.519031707286768063e-03 3.854380658326164166e-01 9.226846077845708427e-01 2.146113974343606401e-01 0.000000000000000000e+00 0.000000000000000000e+00 0.000000000000000000e+00 1.000000000000000000e+00 2.214751597777926406e-01 -1.539910234147438550e-01 9.629306923704742394e-01 1.579296776945589897e+00 1.836357642314837557e-01 9.763727427637168832e-01 1.139042285570452118e-01 -4.845733256829163338e-01 -9.577195099278911217e-01 1.516015563763660479e-01 2.445205684758305908e-01 -4.677714594859168074e-01 0.000000000000000000e+00 0.000000000000000000e+00 0.000000000000000000e+00 1.000000000000000000e+00 8.575091881497841628e-01 -5.046541275734485188e-01 -1.000110182018944804e-01 2.795271908140648520e+00 5.144271601732485211e-01 8.435514572771266595e-01 1.542259245448792393e-01 -2.486899575160350651e-14 6.533690747572805727e-03 -1.836985314277649051e-01 9.829609150095935943e-01 0.000000000000000000e+00 0.000000000000000000e+00 0.000000000000000000e+00 0.000000000000000000e+00 1.000000000000000000e+00 8.900025180564585803e-01 4.555437414114487105e-01 -1.937569389782530307e-02 1.151242977599572725e+00 -4.482589840459131336e-01 8.819636737393241610e-01 1.456158007441523405e-01 -6.408755305062641128e-01 8.342302485098977705e-02 -1.209131004692793609e-01 9.891514651758935850e-01 -9.221213399563552571e-01 0.000000000000000000e+00 0.000000000000000000e+00 0.000000000000000000e+00 1.000000000000000000e+00 5.612701731657601112e-01 -3.174658091555430106e-01 -7.643240495573156990e-01 3.140679536733397725e+00 2.069986110781761035e-01 9.480021213510674283e-01 -2.417510143217232177e-01 1.421085471520200372e-14 8.013285017557928436e-01 -2.252638300065960483e-02 5.978002963722284235e-01 7.105427357601001859e-15 0.000000000000000000e+00 0.000000000000000000e+00 0.000000000000000000e+00 1.000000000000000000e+00 5.028003457981511382e-01 8.060325485051171857e-01 3.122552529832053336e-01 1.669381409719779441e+00 -4.861489954738594799e-01 -3.500779676675414009e-02 8.731744432616515006e-01 -4.263256414560601115e-14 7.147383902275133982e-01 -5.908349895832877285e-01 3.742499814550420689e-01 0.000000000000000000e+00 0.000000000000000000e+00 0.000000000000000000e+00 0.000000000000000000e+00 1.000000000000000000e+00
-3.836822390859206955e-02 8.923246128462965221e-02 -9.952715444777808784e-01 1.668716634372231056e+00 -4.739168460550635155e-03 9.959774832628595087e-01 8.947845056594909419e-02 -4.707447412342240511e-01 9.992524304080538933e-01 8.149888739580829836e-03 -3.779099941956798325e-02 2.146113974343606401e-01 0.000000000000000000e+00 0.000000000000000000e+00 0.000000000000000000e+00 1.000000000000000000e+00 5.491986470487643102e-01 6.009777556387554398e-01 5.806949141392675484e-01 1.579296776945568581e+00 -8.345244420406298103e-01 3.576822781412133390e-01 4.190851268423723130e-01 -4.845733256828896884e-01 4.415655915696254513e-02 -7.147650838779942006e-01 6.979692494317364382e-01 -4.677714594859168074e-01 0.000000000000000000e+00 0.000000000000000000e+00 0.000000000000000000e+00 1.000000000000000000e+00 3.637993781809770732e-01 -6.704102258360992161e-01 6.466839579961178863e-01 2.795271908140648520e+00 -1.071368684586427866e-01 6.595327609323876628e-01 7.440014977631277393e-01 -1.421085471520200372e-14 -9.252954684056384771e-01 -3.399509763940860019e-01 1.681119561384545325e-01 -1.065814103640150279e-14 0.000000000000000000e+00 0.000000000000000000e+00 0.000000000000000000e+00 1.000000000000000000e+00 -2.286189927358583951e-02 8.808404719884982415e-01 -4.728608637524195357e-01 1.151242977599558515e+00 -6.111085770199257139e-01 -3.866437431663036772e-01 -6.906901787075238053e-01 -6.408755305062285856e-01 -7.912165573686423814e-01 2.731788402812876937e-01 5.471285777294809805e-01 -9.221213399563623625e-01 0.000000000000000000e+00 0.000000000000000000e+00 0.000000000000000000e+00 1.000000000000000000e+00 1.925209303233801350e-01 7.684801896594868342e-01 6.102244582842772935e-01 3.140679536733394173e+00 1.227028064416452527e-02 6.199237691746389833e-01 -7.845660970404102486e-01 3.552713678800500929e-15 -9.812161492761591886e-01 1.585330202614846085e-01 1.099188331744751501e-01 2.842170943040400743e-14 0.000000000000000000e+00 0.000000000000000000e+00 0.000000000000000000e+00 1.000000000000000000e+00 5.800813467215100161e-01 1.662757955211623395e-01 7.974070422372527833e-01 1.669381409719775888e+00 -1.333811065940010976e-01 9.851200040517413825e-01 -1.083884588914190428e-01 -3.552713678800500929e-14 -8.035640059071329500e-01 -4.348491049665076380e-02 5.936277882390440519e-01 -8.881784197001252323e-15 0.000000000000000000e+00 0.000000000000000000e+00 0.000000000000000000e+00 1.000000000000000000e+00
