9.933530792677675025e-01 -4.620459816419456934e-04 -1.151062397212039012e-01 1.139999999999998082e+01 4.643506679143509812e-04 9.999998921661592544e-01 -6.791690762215347825e-06 2.842170943040400743e-14 1.151062304469294140e-01 -4.670311236356936642e-05 9.933531867020499728e-01 -2.664535259100375697e-15 0.000000000000000000e+00 0.000000000000000000e+00 0.000000000000000000e+00 1.000000000000000000e+00 1.000000000000000000e+00 0.000000000000000000e+00 0.000000000000000000e+00 1.110000000000001563e+01 0.000000000000000000e+00 1.000000000000000000e+00 0.000000000000000000e+00 1.421085471520200372e-14 0.000000000000000000e+00 0.000000000000000000e+00 1.000000000000000000e+00 0.000000000000000000e+00 0.000000000000000000e+00 0.000000000000000000e+00 0.000000000000000000e+00 1.000000000000000000e+00 3.934171428145766258e-01 -1.130314435170671761e-01 -9.123852500539796351e-01 9.686030412112867083e-01 -4.972909411420591841e-01 8.085363527785954796e-01 -3.145960681469678888e-01 -6.054566356534536453e-01 7.732558901150768937e-01 5.774884059545565274e-01 2.618825488466257623e-01 1.089603061098338266e+00 0.000000000000000000e+00 0.000000000000000000e+00 0.000000000000000000e+00 1.000000000000000000e+00 8.797020240493522714e-01 2.667418862039475091e-01 3.936662482710870381e-01 1.151242977599590489e+00 -3.141297784210776434e-01 9.474842903459109733e-01 5.996667288444654242e-02 -6.408755305007218794e-01 -3.569969624416957088e-01 -1.764150948532065277e-01 9.172954175811283140e-01 -9.221213399115040232e-01 0.000000000000000000e+00 0.000000000000000000e+00 0.000000000000000000e+00 1.000000000000000000e+00
-4.120465332923561874e-02 -9.082734190376448025e-01 4.163430950714619994e-01 1.139999999999996838e+01 5.653797417070874909e-01 -3.647625076024882951e-01 -7.397932553861056304e-01 -4.973799150320701301e-14 8.238009008317753734e-01 2.049090269295414657e-01 5.285493037281800977e-01 -1.421085471520200372e-14 0.000000000000000000e+00 0.000000000000000000e+00 0.000000000000000000e+00 1.000000000000000000e+00 4.735181553939289412e-01 -7.746312129490572351e-01 -4.191980921204236932e-01 1.109999999999997300e+01 4.239068547537493403e-01 6.176202843163789424e-01 -6.624561592239435193e-01 7.105427357601001859e-15 7.720644629855168972e-01 1.359840737955274048e-01 6.208258988386824440e-01 0.000000000000000000e+00 0.000000000000000000e+00 0.000000000000000000e+00 0.000000000000000000e+00 1.000000000000000000e+00 3.335896746218953712e-01 -9.419277671080771297e-01 -3.860065461167792866e-02 9.686030412112707211e-01 -6.705317815960114558e-01 -2.082933256616288364e-01 -7.120400412578616889e-01 -6.054566356573047869e-01 6.626500274317784767e-01 2.634121713885116955e-01 -7.010770065471072510e-01 1.089603061053477262e+00 0.000000000000000000e+00 0.000000000000000000e+00 0.000000000000000000e+00 1.000000000000000000e+00 -4.074199873305206498e-01 -7.616970056217321761e-02 9.100588610852966553e-01 1.151242977599574502e+00 -7.951049286106204317e-01 5.197904819436369728e-01 -3.124516080609955337e-01 -6.408755305062072694e-01 -4.492405885744282235e-01 -8.508913159722989450e-01 -2.723359358957808674e-01 -9.221213399563268354e-01 0.000000000000000000e+00 0.000000000000000000e+00 0.000000000000000000e+00 1.000000000000000000e+00
9.287144169347464340e-01 -2.748751831134595841e-02 3.697755645180431094e-01 1.139999999999996305e+01 -1.778141961310472918e-01 8.420862048762092211e-01 5.091885065586736481e-01 2.131628207280300558e-14 -3.253792301789151797e-01 -5.386420517321930390e-01 7.771699277982325738e-01 -1.776356839400250465e-15 0.000000000000000000e+00 0.000000000000000000e+00 0.000000000000000000e+00 1.000000000000000000e+00 8.382204357869063038e-01 3.497062153415054775e-01 4.184400363023709768e-01 1.110000000000005116e+01 -4.641059410130695673e-01 5.456372510477791593e-02 8.840975485878599383e-01 -2.131628207280300558e-14 2.863427605957274413e-01 -9.352691392611063304e-01 2.080371615846725586e-01 -7.815970093361102045e-14 0.000000000000000000e+00 0.000000000000000000e+00 0.000000000000000000e+00 1.000000000000000000e+00 -4.736234991372079151e-02 -9.675449893473508922e-01 -2.482206707739812446e-01 9.686030412112884846e-01 2.010183960020603400e-01 2.341830956673101038e-01 -9.511834114262268658e-01 -6.054566356573012342e-01 9.784418287662325353e-01 -9.494720265763667566e-02 1.834028800975613382e-01 1.089603061053476818e+00 0.000000000000000000e+00 0.000000000000000000e+00 0.000000000000000000e+00 1.000000000000000000e+00 7.077695220906932150e-01 -3.768737662526501775e-01 -5.975185921040906400e-01 1.151242977599594042e+00 2.723334242124718640e-01 9.259952557572547205e-01 -2.614713987643128568e-01 -6.408755305062356911e-01 6.518410923347972563e-01 2.233720272548053373e-02 7.580265428849963794e-01 -9.221213399563370494e-01 0.000000000000000000e+00 0.000000000000000000e+00 0.000000000000000000e+00 1.000000000000000000e+00
9.781508687526604406e-01 8.362524489635406177e-02 1.903357464441202962e-01 1.139999999999997549e+01 -2.071978716590043290e-01 3.171508907442964764e-01 9.254643993585480732e-01 7.105427357601001859e-15 1.702703551398249485e-02 -9.446809677960725793e-01 3.275483920667012772e-01 -2.131628207280300558e-14 0.000000000000000000e+00 0.000000000000000000e+00 0.000000000000000000e+00 1.000000000000000000e+00 6.003353647567828411e-01 6.104438229298743135e-01 5.166776450255040620e-01 1.110000000000006537e+01 2.442190329181459507e-02 6.317559215762396096e-01 -7.747825670424970390e-01 2.131628207280300558e-14 -7.993753939557720622e-01 4.777476264725095123e-01 3.643572216080503967e-01 3.552713678800500929e-14 0.000000000000000000e+00 0.000000000000000000e+00 0.000000000000000000e+00 1.000000000000000000e+00 9.544760545041206523e-01 2.076712896041927048e-01 -2.141216870202047595e-01 9.686030412112991428e-01 -2.910875500584632625e-01 8.052436722562247295e-01 -5.165759058379236768e-01 -6.054566356572994579e-01 6.514214902203205315e-02 5.553874897451699377e-01 8.290363301178966804e-01 1.089603061053459498e+00 0.000000000000000000e+00 0.000000000000000000e+00 0.000000000000000000e+00 1.000000000000000000e+00 9.803764062475038843e-01 1.769660340791969211e-01 -8.686267815068654530e-02 1.151242977599597594e+00 -1.736632341633302379e-01 9.838094982801485200e-01 4.427134732188256483e-02 -6.408755305062321384e-01 9.329085256959318562e-02 -2.831773077142561712e-02 9.952361141713033099e-01 -9.221213399563481516e-01 0.000000000000000000e+00 0.000000000000000000e+00 0.000000000000000000e+00 1.000000000000000000e+00
9.986365162876560397e-01 4.829346836115353675e-02 1.982042508384390320e-02 1.139999999999997016e+01 -5.172959690671755789e-02 8.644904475106911512e-01 4.999803145791176240e-01 7.105427357601001859e-15 7.011215352741865560e-03 -5.003239021638034023e-01 8.658099305175832594e-01 -2.131628207280300558e-14 0.000000000000000000e+00 0.000000000000000000e+00 0.000000000000000000e+00 1.000000000000000000e+00 4.665183649270598920e-04 -9.975702431577173623e-01 6.966629261606969992e-02 1.109999999999996945e+01 3.001326027995542683e-02 6.964888328520901783e-02 9.971199713497322925e-01 -1.421085471520200372e-14 -9.995493917600984934e-01 1.625737794355541343e-03 2.997282783858024047e-02 2.486899575160350651e-14 0.000000000000000000e+00 0.000000000000000000e+00 0.000000000000000000e+00 1.000000000000000000e+00 -4.266605219002939098e-01 -8.876687818846744626e-01 1.732193197052431244e-01 9.686030412112618393e-01 2.940788184478972944e-01 -3.172839876064630360e-01 -9.015811221120539898e-01 -6.054566356573118924e-01 8.552651329219831400e-01 -3.337289392245150754e-01 3.964171382925092413e-01 1.089603061053523447e+00 0.000000000000000000e+00 0.000000000000000000e+00 0.000000000000000000e+00 1.000000000000000000e+00 1.398500869069653207e-01 4.621581902903224570e-01 8.757007253278306091e-01 1.151242977599567396e+00 -7.254156835220539890e-01 -5.541341245871156396e-01 4.082982464673370337e-01 -6.408755305062321384e-01 6.739540335158958895e-01 -6.923475854768652571e-01 2.577610940231463976e-01 -9.221213399562913082e-01 0.000000000000000000e+00 0.000000000000000000e+00 0.000000000000000000e+00 1.000000000000000000e+00
7.605239491081182690e-01 -1.086166136797580561e-01 6.401607251821486155e-01 1.139999999999998437e+01 5.422908757862934248e-01 6.484787065518955451e-01 -5.342246467430302737e-01 0.000000000000000000e+00 -3.571049269779502100e-01 7.534439583549148445e-01 5.520853853767095920e-01 3.552713678800500929e-14 0.000000000000000000e+00 0.000000000000000000e+00 0.000000000000000000e+00 1.000000000000000000e+00 1.453836367959804310e-01 -8.959917302779500936e-01 4.195979235238179172e-01 1.109999999999996589e+01 2.285547149944416878e-02 4.270321965125425390e-01 9.039475264439917890e-01 -5.329070518200751394e-15 -9.891113312335031438e-01 -1.218290704848336570e-01 8.256180721307471160e-02 1.776356839400250465e-14 0.000000000000000000e+00 0.000000000000000000e+00 0.000000000000000000e+00 1.000000000000000000e+00 7.922492533319334118e-01 -3.273366157070424221e-01 -5.149678248322452356e-01 9.686030412112600629e-01 5.505670414251698785e-01 7.473344099183065747e-01 3.719774356710255359e-01 -6.054566356573189978e-01 2.630913405859822141e-01 -5.782231574137416397e-01 7.722958803069934763e-01 1.089603061053534105e+00 0.000000000000000000e+00 0.000000000000000000e+00 0.000000000000000000e+00 1.000000000000000000e+00 6.944029859029064999e-01 -6.660022165575111286e-01 -2.724803492173519248e-01 1.151242977599576278e+00 7.187119832253957563e-01 6.605743135267316823e-01 2.170130444855923324e-01 -6.408755305062641128e-01 3.546235098447818312e-02 -3.465293982466269851e-01 9.373685496182834198e-01 -9.221213399562770974e-01 0.000000000000000000e+00 0.000000000000000000e+00 0.000000000000000000e+00 1.000000000000000000e+00
1.857477675617849044e-01 -9.632787079294201638e-01 -1.938863009488807632e-01 1.139999999999997726e+01 1.306649861035772409e-01 -1.713527933952798676e-01 9.765064677728390041e-01 -4.263256414560601115e-14 -9.738708478296109750e-01 -2.067180472176084471e-01 9.403840014682041115e-02 7.105427357601001859e-15 0.000000000000000000e+00 0.000000000000000000e+00 0.000000000000000000e+00 1.000000000000000000e+00 1.419795991078420805e-02 9.372670095077905161e-01 -3.483230839647223909e-01 1.110000000000009379e+01 -7.133460424822890555e-02 -3.465210943702130564e-01 -9.353258819220275910e-01 -5.329070518200751394e-14 -9.973513885141587210e-01 3.812720872019387253e-02 6.193967859204985160e-02 4.263256414560601115e-14 0.000000000000000000e+00 0.000000000000000000e+00 0.000000000000000000e+00 1.000000000000000000e+00 9.608549603550697871e-01 -2.500710084714266035e-01 -1.192570160751177527e-01 9.686030412112884846e-01 -5.442630092373121342e-02 2.516867168159655499e-01 -9.662771726301720987e-01 -6.054566356573189978e-01 2.716533138557611360e-01 9.349429326437436183e-01 2.282239903487355281e-01 1.089603061053470157e+00 0.000000000000000000e+00 0.000000000000000000e+00 0.000000000000000000e+00 1.000000000000000000e+00 4.255974706963061571e-01 -3.515046797675971946e-01 -8.338532562977647444e-01 1.151242977599579831e+00 7.925884816988111592e-02 9.324123214702264573e-01 -3.525979264789950163e-01 -6.408755305062499019e-01 9.014348717038245251e-01 8.397453704535688679e-02 4.246921817085020923e-01 -9.221213399563472635e-01 0.000000000000000000e+00 0.000000000000000000e+00 0.000000000000000000e+00 1.000000000000000000e+00
9.085576651545927973e-01 3.712830909490479891e-01 1.914989176579223740e-01 1.139999999999999503e+01 -4.155902678222323510e-01 8.499391470596064924e-01 3.238644401397499650e-01 2.842170943040400743e-14 -4.251703635344305371e-02 -3.738346060370942303e-01 9.265203661813433689e-01 -1.421085471520200372e-14 0.000000000000000000e+00 0.000000000000000000e+00 0.000000000000000000e+00 1.000000000000000000e+00 8.727236908713315033e-01 2.655637431931247017e-01 4.096696934033279280e-01 1.110000000000004405e+01 -4.707883716669258312e-01 6.799617681220162524e-01 5.621479369308278740e-01 4.973799150320701301e-14 -1.292736187128879499e-01 -6.834675502126180691e-01 7.184430661585072819e-01 -6.394884621840901673e-14 0.000000000000000000e+00 0.000000000000000000e+00 0.000000000000000000e+00 1.000000000000000000e+00 9.446225082147453600e-01 -2.374575527265815333e-01 2.264999506118844097e-01 9.686030412112902610e-01 1.866329780419397066e-01 -1.789747842269500122e-01 -9.659897298202053673e-01 -6.054566356572905761e-01 2.699193369902945228e-01 9.547680018014947922e-01 -1.247461993597414054e-01 1.089603061053441735e+00 0.000000000000000000e+00 0.000000000000000000e+00 0.000000000000000000e+00 1.000000000000000000e+00 4.912601252625945492e-01 5.237037899058795132e-01 6.959869465479927575e-01 1.151242977599599371e+00 3.722378688297595106e-01 5.961780639065168419e-01 -7.113442803071913234e-01 -6.408755305062072694e-01 -7.874658458219370161e-01 6.085277779648975427e-01 9.793612770089388242e-02 -9.221213399563712443e-01 0.000000000000000000e+00 0.000000000000000000e+00 0.000000000000000000e+00 1.000000000000000000e+00
9.989986484229465002e-01 2.814331564221983495e-02 -3.478008386689895176e-02 1.139999999999997726e+01 -4.473361226319025330e-02 6.418194466733351256e-01 -7.655499342340905677e-01 7.105427357601001859e-15 7.774207436746260243e-04 7.663391883863150955e-01 6.424357119279647810e-01 3.907985046680551022e-14 0.000000000000000000e+00 0.000000000000000000e+00 0.000000000000000000e+00 1.000000000000000000e+00 3.438596722872572231e-01 9.021627351187357924e-01 -2.605051345704755272e-01 1.110000000000009912e+01 -4.009661860997663640e-01 -1.097924607314044732e-01 -9.094898202680171684e-01 -3.552713678800500929e-14 -8.491093235733000455e-01 4.171906218140868372e-01 3.239835515751809947e-01 3.907985046680551022e-14 0.000000000000000000e+00 0.000000000000000000e+00 0.000000000000000000e+00 1.000000000000000000e+00 2.618841358884200776e-01 -9.276655752906546315e-01 -2.661827939417460986e-01 9.686030412113049159e-01 -8.852146407442911258e-01 -1.210171821377847845e-01 -4.491657616508473172e-01 -6.054566356572799180e-01 3.844629230263056918e-01 3.532582936720506939e-01 -8.528756291335684026e-01 1.089603061053452393e+00 0.000000000000000000e+00 0.000000000000000000e+00 0.000000000000000000e+00 1.000000000000000000e+00 3.589317531257026905e-01 -5.240634161828071624e-01 -7.723506537945803441e-01 1.151242977599608697e+00 7.956916318396443089e-01 -2.607477118386694048e-01 5.467041775871686049e-01 -6.408755305062125984e-01 -4.878963246617807337e-01 -8.107824409727336645e-01 3.234022414761872355e-01 -9.221213399563765734e-01 0.000000000000000000e+00 0.000000000000000000e+00 0.000000000000000000e+00 1.000000000000000000e+00
7.252969926597587769e-01 6.868983087420791334e-01 -4.598897570050036743e-02 1.140000000000001279e+01 -6.839896999080247175e-01 7.265829502684471031e-01 6.507923477523132327e-02 7.105427357601001859e-15 7.811762194562857364e-02 -1.574578757861098965e-02 9.968197968113841068e-01 -1.776356839400250465e-15 0.000000000000000000e+00 0.000000000000000000e+00 0.000000000000000000e+00 1.000000000000000000e+00 4.609961861518518944e-02 9.800344680022186061e-01 1.934095827283199565e-01 1.110000000000010445e+01 -9.898457856527478338e-01 7.087740563612565659e-02 -1.232140982022213310e-01 1.421085471520200372e-14 -1.344624326309360463e-01 -1.857655374333475884e-01 9.733504093146879699e-01 -7.549516567451064475e-15 0.000000000000000000e+00 0.000000000000000000e+00 0.000000000000000000e+00 1.000000000000000000e+00 -5.838618067397978173e-01 2.245194999800207425e-01 -7.801899670972836098e-01 9.686030412112813792e-01 -2.408814068061455593e-01 8.698157200784684129e-01 4.305772415716693780e-01 -6.054566356572976815e-01 7.752944850091680884e-01 4.393308630555073369e-01 -4.537696048450929887e-01 1.089603061053465272e+00 0.000000000000000000e+00 0.000000000000000000e+00 0.000000000000000000e+00 1.000000000000000000e+00 -2.974763975844287867e-01 9.547209837280463685e-01 3.954252083805037676e-03 1.151242977599579831e+00 -8.956345602114290649e-01 -2.776266687077053597e-01 -3.475085141074129025e-01 -6.408755305062214802e-01 -3.306758646092435860e-01 -1.069171457326347080e-01 9.376684896664255753e-01 -9.221213399563445989e-01 0.000000000000000000e+00 0.000000000000000000e+00 0.000000000000000000e+00 1.000000000000000000e+00
3.439125954742970892e-01 8.069451207389111147e-01 4.801704892949966719e-01 1.140000000000001990e+01 -7.786820369717586399e-01 -4.069070236851168865e-02 6.260978773628528282e-01 -3.552713678800500929e-15 5.247651017089886016e-01 -5.892230807227608613e-01 6.143596252781702294e-01 -3.552713678800500929e-14 0.000000000000000000e+00 0.000000000000000000e+00 0.000000000000000000e+00 1.000000000000000000e+00 1.590997602718524639e-03 -5.857857526355930711e-01 8.104643858528145506e-01 1.109999999999998721e+01 -1.956413801357248516e-03 8.104620372019132324e-01 5.857878956581148433e-01 2.486899575160350651e-14 -9.999968205807786559e-01 -2.517590847684547661e-03 1.434038271879156667e-04 1.421085471520200372e-14 0.000000000000000000e+00 0.000000000000000000e+00 0.000000000000000000e+00 1.000000000000000000e+00 2.940650213988954542e-01 -4.563651464694869486e-01 -8.397955800535930049e-01 9.686030412112884846e-01 -9.470842163678501180e-01 -2.084122415507461135e-02 -3.203078682808353506e-01 -6.054566356572905761e-01 1.286749792949747062e-01 8.895484789844798623e-01 -4.383449021487946240e-01 1.089603061053466604e+00 0.000000000000000000e+00 0.000000000000000000e+00 0.000000000000000000e+00 1.000000000000000000e+00 -2.637763065721343558e-01 9.376634616728855010e-01 2.262947032848633411e-01 1.151242977599586936e+00 -3.787447374102481668e-02 2.243543847161084681e-01 -9.737713460035146706e-01 -6.408755305062321384e-01 -9.638400200915105964e-01 -2.654286018918787793e-01 -2.366586080663068969e-02 -9.221213399563339408e-01 0.000000000000000000e+00 0.000000000000000000e+00 0.000000000000000000e+00 1.000000000000000000e+00
3.216463257765295181e-01 -5.283413968122316895e-01 7.857474209496068118e-01 1.139999999999997016e+01 8.746309782659450471e-01 -1.521071518334817796e-01 -4.603086640708188293e-01 -5.329070518200751394e-14 3.627179248010973800e-01 8.352956259765795810e-01 4.131790462407060049e-01 2.842170943040400743e-14 0.000000000000000000e+00 0.000000000000000000e+00 0.000000000000000000e+00 1.000000000000000000e+00 6.348451666639290947e-01 -6.903227580950445086e-01 -3.470246446860779654e-01 1.109999999999997478e+01 -5.629105613572420175e-02 4.066238893427249756e-01 -9.118598190593331099e-01 -1.065814103640150279e-14 7.705860960091173162e-01 5.984241825593663577e-01 2.192842136716213197e-01 3.552713678800500929e-14 0.000000000000000000e+00 0.000000000000000000e+00 0.000000000000000000e+00 1.000000000000000000e+00 -8.670418720734072160e-01 -4.512629668752802248e-01 2.111874210230358651e-01 9.686030412112742738e-01 -4.707690122903047253e-02 -3.477736846792827130e-01 -9.363958722758590758e-01 -6.054566356572976815e-01 4.960062070600663175e-01 -8.218364794601871193e-01 2.802902845022853251e-01 1.089603061053505684e+00 0.000000000000000000e+00 0.000000000000000000e+00 0.000000000000000000e+00 1.000000000000000000e+00 5.312459881691495855e-01 8.404193786335135696e-01 -1.071119417779479444e-01 1.151242977599579831e+00 -8.469552447735902989e-01 5.299661898537116889e-01 -4.245763726878033079e-02 -6.408755305062285856e-01 2.108348654021620708e-02 1.132744703328969899e-01 9.933400127680904745e-01 -9.221213399563144009e-01 0.000000000000000000e+00 0.000000000000000000e+00 0.000000000000000000e+00 1.000000000000000000e+00
4.473231847109726544e-01 -4.143072630078794005e-01 7.926231514654065169e-01 1.139999999999997371e+01 7.961075239528414560e-01 5.883131625598088110e-01 -1.417759960802665309e-01 -2.131628207280300558e-14 -4.075718080605046367e-01 6.944329446230181890e-01 5.929992467925194743e-01 3.730349362740525976e-14 0.000000000000000000e+00 0.000000000000000000e+00 0.000000000000000000e+00 1.000000000000000000e+00 7.312103202440001226e-02 1.058846675513244184e-01 -9.916863172663179515e-01 1.110000000000003695e+01 -9.758495902452534176e-01 -1.976318668975420856e-01 -9.305494293568267183e-02 -2.842170943040400743e-14 -2.058419099548429720e-01 9.745409598185894584e-01 8.887646337475785252e-02 8.526512829121202230e-14 0.000000000000000000e+00 0.000000000000000000e+00 0.000000000000000000e+00 1.000000000000000000e+00 7.778548579495174753e-01 5.552564480399644342e-01 2.943333091486219355e-01 9.686030412112813792e-01 -4.177415688419701123e-01 8.067439251752477336e-01 -4.179189166025916169e-01 -6.054566356573047869e-01 -4.695037823338440441e-01 2.021250011821312531e-01 8.594833810326630852e-01 1.089603061053466604e+00 0.000000000000000000e+00 0.000000000000000000e+00 0.000000000000000000e+00 1.000000000000000000e+00 7.846972094448686486e-01 -4.551701807311778203e-01 -4.207973337161047822e-01 1.151242977599576278e+00 4.333571570926316174e-01 8.882024590087054250e-01 -1.526367131704598479e-01 -6.408755305062356911e-01 4.432289068709622248e-01 -6.258193336767388371e-02 8.942212465212040495e-01 -9.221213399563694679e-01 0.000000000000000000e+00 0.000000000000000000e+00 0.000000000000000000e+00 1.000000000000000000e+00
8.669830174914021637e-01 6.334058086726680747e-02 4.942958812259113377e-01 1.139999999999997904e+01 -4.345012416478213207e-02 9.977200775727511628e-01 -5.164042523341906554e-02 7.105427357601001859e-15 -4.964398594911250684e-01 2.329415428000257068e-02 8.677585195691318587e-01 1.065814103640150279e-14 0.000000000000000000e+00 0.000000000000000000e+00 0.000000000000000000e+00 1.000000000000000000e+00 3.399662474638707188e-01 8.236296446637821900e-01 4.539351925290065481e-01 1.110000000000009379e+01 -6.779354275209765746e-01 -1.199007270016472226e-01 7.252774446902557903e-01 -1.421085471520200372e-14 6.517871636487518883e-01 -5.543086000555000892e-01 5.176055150471512434e-01 -4.973799150320701301e-14 0.000000000000000000e+00 0.000000000000000000e+00 0.000000000000000000e+00 1.000000000000000000e+00 9.606565025684813408e-01 -1.281119747151162058e-01 -2.464272834072695484e-01 9.686030412112955901e-01 5.261545649850917633e-02 9.551400943858643355e-01 -2.914429855632413857e-01 -6.054566356573030106e-01 2.727099151302475044e-01 2.670107151991389371e-01 9.243022125682148760e-01 1.089603061053480815e+00 0.000000000000000000e+00 0.000000000000000000e+00 0.000000000000000000e+00 1.000000000000000000e+00 -3.352031723840909194e-03 -3.419864150686288684e-01 9.396989176283168099e-01 1.151242977599594042e+00 -6.147168717664667215e-01 7.418918219227497168e-01 2.678053250586931999e-01 -6.408755305062339147e-01 -7.887407251112192874e-01 -5.767510871014032148e-01 -2.127116641803592501e-01 -9.221213399563481516e-01 0.000000000000000000e+00 0.000000000000000000e+00 0.000000000000000000e+00 1.000000000000000000e+00
-1.007513452991939396e-01 -8.462195419536771013e-01 5.232223745560885542e-01 1.139999999999997549e+01 4.309722993453535822e-01 -5.111175101035547730e-01 -7.436543337213344929e-01 -4.796163466380676255e-14 8.967229469671120778e-01 1.505701752713731467e-01 4.161929584956552963e-01 -2.842170943040400743e-14 0.000000000000000000e+00 0.000000000000000000e+00 0.000000000000000000e+00 1.000000000000000000e+00 1.272316379738613890e-01 2.228301220323683149e-02 -9.916226992488820224e-01 1.110000000000005116e+01 1.186173364554183873e-01 9.922310582105610122e-01 3.751605808946791021e-02 3.907985046680551022e-14 9.847548110015561518e-01 -1.223968728746803181e-01 1.236000312289159409e-01 -2.842170943040400743e-14 0.000000000000000000e+00 0.000000000000000000e+00 0.000000000000000000e+00 1.000000000000000000e+00 -9.116810070356180518e-01 -3.446720522456999114e-01 -2.236938036943791064e-01 9.686030412112671684e-01 -3.097014142645503898e-01 9.341781847318955112e-01 -1.771895966854654669e-01 -6.054566356573438668e-01 2.700421733971553051e-01 -9.226210257607424248e-02 -9.584179302450384075e-01 1.089603061053452393e+00 0.000000000000000000e+00 0.000000000000000000e+00 0.000000000000000000e+00 1.000000000000000000e+00 8.900025180564585803e-01 4.555437414114487105e-01 -1.937569389782530307e-02 1.151242977599572725e+00 -4.482589840459131336e-01 8.819636737393241610e-01 1.456158007441523405e-01 -6.408755305062641128e-01 8.342302485098977705e-02 -1.209131004692793609e-01 9.891514651758935850e-01 -9.221213399563552571e-01 0.000000000000000000e+00 0.000000000000000000e+00 0.000000000000000000e+00 1.000000000000000000e+00
5.615742134278891573e-01 -7.853393491126016146e-01 -2.605312064767726921e-01 1.139999999999994884e+01 2.630387106155573362e-01 -1.290915705466579855e-01 9.561098279651256693e-01 -3.375077994860475883e-14 -7.845030525947955802e-01 -6.054564172169557557e-01 1.340801525963293273e-01 7.105427357601001859e-15 0.000000000000000000e+00 0.000000000000000000e+00 0.000000000000000000e+00 1.000000000000000000e+00 2.141999120881163954e-01 -9.659140739152810573e-01 -1.453561126125354763e-01 1.109999999999998188e+01 4.860945703812356022e-01 2.344836097468697700e-01 -8.418607399124629076e-01 -4.263256414560601115e-14 8.472487629423397504e-01 1.096696793670090264e-01 5.197519553789212710e-01 -1.243449787580175325e-14 0.000000000000000000e+00 0.000000000000000000e+00 0.000000000000000000e+00 1.000000000000000000e+00 6.361740991537168100e-02 -7.537660551460089176e-01 -6.540562355526345906e-01 9.686030412112529575e-01 2.133275667388637165e-01 6.505065099183922062e-01 -7.289256682427011080e-01 -6.054566356573047869e-01 9.749072645256753322e-01 -9.315586220639242299e-02 2.021826177287464610e-01 1.089603061053452393e+00 0.000000000000000000e+00 0.000000000000000000e+00 0.000000000000000000e+00 1.000000000000000000e+00 -2.286189927358583951e-02 8.808404719884982415e-01 -4.728608637524195357e-01 1.151242977599558515e+00 -6.111085770199257139e-01 -3.866437431663036772e-01 -6.906901787075238053e-01 -6.408755305062285856e-01 -7.912165573686423814e-01 2.731788402812876937e-01 5.471285777294809805e-01 -9.221213399563623625e-01 0.000000000000000000e+00 0.000000000000000000e+00 0.000000000000000000e+00 1.000000000000000000e+00
2.501255978931049562e-01 -4.546924167790151738e-01 -8.548052359469234807e-01 1.139999999999997726e+01 9.648272788905024600e-01 4.328032362348444018e-02 2.592973881391702484e-01 -2.842170943040400743e-14 -8.090430883065359569e-02 -8.895963240204542988e-01 4.495251640363743251e-01 -2.131628207280300558e-14 0.000000000000000000e+00 0.000000000000000000e+00 0.000000000000000000e+00 1.000000000000000000e+00 8.838504307150012451e-01 4.407717359329622053e-01 1.566163878000952914e-01 1.110000000000005116e+01 -4.649359471401878774e-01 7.909950899228662680e-01 3.976950248303002811e-01 2.842170943040400743e-14 5.140993271502310169e-02 -4.243195075889862888e-01 9.040519754403930630e-01 -3.197442310920450836e-14 0.000000000000000000e+00 0.000000000000000000e+00 0.000000000000000000e+00 1.000000000000000000e+00 8.710782908388085000e-01 -1.452867596181011411e-01 -4.691634775949767300e-01 9.686030412112955901e-01 2.022795114653714033e-01 9.765927126888934717e-01 7.314145722009568473e-02 -6.054566356573274355e-01 4.475551479657794984e-01 -1.586140945900473831e-01 8.800772457726132592e-01 1.089603061053463051e+00 0.000000000000000000e+00 0.000000000000000000e+00 0.000000000000000000e+00 1.000000000000000000e+00 4.268366223230701806e-01 2.720389488608381812e-01 8.624414809982895447e-01 1.151242977599594042e+00 -4.843921139801344311e-01 -7.365584956847261999e-01 4.720655276002578837e-01 -6.408755305062499019e-01 7.636588097820186105e-01 -6.192547074809715557e-01 -1.826166189177951260e-01 -9.221213399563588098e-01 0.000000000000000000e+00 0.000000000000000000e+00 0.000000000000000000e+00 1.000000000000000000e+00
8.155586016388356452e-01 4.519401448691157119e-01 -3.614059666754131372e-01 1.139999999999999325e+01 -2.229662685138197320e-01 8.217378268782833395e-01 5.244358749955801979e-01 2.842170943040400743e-14 5.339945789967631695e-01 -3.471268490523878869e-01 7.709427606956501533e-01 -2.842170943040400743e-14 0.000000000000000000e+00 0.000000000000000000e+00 0.000000000000000000e+00 1.000000000000000000e+00 2.172491255901888296e-01 -8.520091546521482151e-01 -4.763225984763163612e-01 1.109999999999996589e+01 -8.170857495283251337e-02 4.703914339401019662e-01 -8.786669492219176814e-01 0.000000000000000000e+00 9.726903547426979380e-01 2.298092671427904854e-01 3.257567383520765247e-02 3.552713678800500929e-15 0.000000000000000000e+00 0.000000000000000000e+00 0.000000000000000000e+00 1.000000000000000000e+00 7.143849088620141119e-01 2.659566850409064709e-01 -6.472412561574424350e-01 9.686030412112547339e-01 4.515686222439665443e-01 5.313639289932401422e-01 7.167552960177920873e-01 -6.054566356573118924e-01 5.345465193927444458e-01 -8.043130091245066504e-01 2.595006781459029410e-01 1.089603061053438182e+00 0.000000000000000000e+00 0.000000000000000000e+00 0.000000000000000000e+00 1.000000000000000000e+00 3.940235433373249219e-01 7.665975667718192277e-01 5.070242774418454168e-01 1.151242977599560291e+00 5.170477824681435353e-02 -5.692673834407391276e-01 8.205249917321120190e-01 -6.408755305062285856e-01 9.176448458975547950e-01 -2.970905868082341361e-01 -2.639415087241721025e-01 -9.221213399563765734e-01 0.000000000000000000e+00 0.000000000000000000e+00 0.000000000000000000e+00 1.000000000000000000e+00
-2.397293755478546728e-02 9.069159788792833243e-01 4.206289404194933912e-01 1.140000000000003411e+01 -4.139497734481409896e-01 -3.919907484076083914e-01 8.215770433897700009e-01 -1.421085471520200372e-14 9.099840016875171411e-01 -1.544236394347527908e-01 3.848148337272074837e-01 -2.842170943040400743e-14 0.000000000000000000e+00 0.000000000000000000e+00 0.000000000000000000e+00 1.000000000000000000e+00 3.942919099029129626e-02 9.668550341208603793e-01 2.522631203584885240e-01 1.110000000000010445e+01 -1.480807337900967302e-01 -2.440178175096821001e-01 9.583983519487073721e-01 -4.263256414560601115e-14 9.881889673428042586e-01 -7.514417963463065897e-02 1.335511777896426500e-01 -2.131628207280300558e-14 0.000000000000000000e+00 0.000000000000000000e+00 0.000000000000000000e+00 1.000000000000000000e+00 2.471670158581469323e-01 -9.139867410384092672e-01 -3.217711974023875210e-01 9.686030412113098009e-01 -9.667346213479091066e-01 -2.551605015517972586e-01 -1.781264537203907858e-02 -6.054566356573471975e-01 -6.582277842125265621e-02 3.154700550826067262e-01 -9.466498857482017470e-01 1.089603061053452393e+00 0.000000000000000000e+00 0.000000000000000000e+00 0.000000000000000000e+00 1.000000000000000000e+00 6.915912739045927404e-01 5.670880599114367371e-01 4.473395155415016422e-01 1.151242977599615358e+00 -6.992375286633125686e-01 6.808754562169574420e-01 2.178887138659852396e-01 -6.408755305062678875e-01 -1.810204087053328970e-01 -4.634865105126931284e-01 8.674167776824018850e-01 -9.221213399563694679e-01 0.000000000000000000e+00 0.000000000000000000e+00 0.000000000000000000e+00 1.000000000000000000e+00
8.582079508301931892e-01 4.542543885348341304e-01 -2.390231445460557769e-01 1.139999999999999325e+01 -3.669610061447883265e-01 2.173577832005390009e-01 -9.044861602320690697e-01 0.000000000000000000e+00 -3.589132668222858591e-01 8.639493877415456158e-01 3.532318251799563269e-01 3.197442310920450836e-14 0.000000000000000000e+00 0.000000000000000000e+00 0.000000000000000000e+00 1.000000000000000000e+00 1.186117075204928817e-02 -6.473971162299207993e-01 -7.620605530570211394e-01 1.109999999999999076e+01 3.497957278287000538e-03 7.621363658903782534e-01 -6.474070775657976284e-01 2.131628207280300558e-14 9.999235355382279922e-01 5.013350635031943447e-03 1.130439702683061487e-02 -3.552713678800500929e-14 0.000000000000000000e+00 0.000000000000000000e+00 0.000000000000000000e+00 1.000000000000000000e+00 -8.548533389009145278e-01 2.972688011122117668e-01 -4.252728875149059951e-01 9.686030412113098009e-01 -5.569462928530864720e-02 7.623087882259544923e-01 6.448127012259055046e-01 -6.054566356573261032e-01 5.158719581821924471e-01 5.749057064239186943e-01 -6.351059372124345792e-01 1.089603061053490141e+00 0.000000000000000000e+00 0.000000000000000000e+00 0.000000000000000000e+00 1.000000000000000000e+00 6.401243521991788477e-01 -6.186437153627082353e-01 4.555444733105714072e-01 1.151242977599622463e+00 6.158579569903979145e-01 5.870828072722289459e-02 -7.856667961583119197e-01 -6.408755305062427965e-01 4.593035929896417957e-01 7.834751375865591783e-01 4.185772548174679919e-01 -9.221213399563246149e-01 0.000000000000000000e+00 0.000000000000000000e+00 0.000000000000000000e+00 1.000000000000000000e+00
3.817040112138134766e-01 -2.201090519387624289e-01 -8.976937412491547974e-01 1.139999999999998437e+01 1.158425395173685868e-01 9.749651113227253418e-01 -1.897986768700791749e-01 4.263256414560601115e-14 9.169964851958005703e-01 -3.154420641076598197e-02 3.976460853327530298e-01 -2.309263891220325604e-14 0.000000000000000000e+00 0.000000000000000000e+00 0.000000000000000000e+00 1.000000000000000000e+00 2.011145920122008324e-01 1.898517338448499348e-02 -9.793837266727108970e-01 1.110000000000003872e+01 4.813384207992504882e-01 8.688672855096424286e-01 1.156847649156499680e-01 1.421085471520200372e-14 8.531507753863029064e-01 -4.946809106511657061e-01 1.656035962625321822e-01 -5.329070518200751394e-14 0.000000000000000000e+00 0.000000000000000000e+00 0.000000000000000000e+00 1.000000000000000000e+00 -8.359864839830126737e-01 3.778542430772282024e-01 -3.979356349791446368e-01 9.686030412112316412e-01 -4.994084454732077294e-01 -2.233510216859884157e-01 8.370815525991831541e-01 -6.054566356572976815e-01 2.274154858134208035e-01 8.985212808277609486e-01 3.754220354639372648e-01 1.089603061053470157e+00 0.000000000000000000e+00 0.000000000000000000e+00 0.000000000000000000e+00 1.000000000000000000e+00 5.416182158399047708e-01 -2.007900000391293627e-01 8.162922786322830415e-01 1.151242977599540751e+00 6.347281950936120021e-01 7.343521623531279463e-01 -2.405140744332666669e-01 -6.408755305062214802e-01 -5.511531789109122004e-01 6.483905285640528815e-01 5.251855822895600268e-01 -9.221213399563410462e-01 0.000000000000000000e+00 0.000000000000000000e+00 0.000000000000000000e+00 1.000000000000000000e+00
8.110179364261624890e-01 -9.169062425590857046e-02 -5.777912566131567784e-01 1.139999999999998437e+01 5.848338134363357810e-01 1.520718314844751173e-01 7.967707127715414339e-01 -2.486899575160350651e-14 1.480937056603114435e-02 -9.841072032520232771e-01 1.769567603990273019e-01 -2.842170943040400743e-14 0.000000000000000000e+00 0.000000000000000000e+00 0.000000000000000000e+00 1.000000000000000000e+00 4.912125641957341138e-01 -8.127015231425958053e-01 3.134109938370968074e-01 1.109999999999997300e+01 5.861791839208284616e-01 4.228475063632730624e-02 -8.090772300599835543e-01 -4.973799150320701301e-14 6.442857914886558346e-01 5.811439014093916500e-01 4.971595163933884010e-01 3.286260152890463360e-14 0.000000000000000000e+00 0.000000000000000000e+00 0.000000000000000000e+00 1.000000000000000000e+00 -2.289271668377645952e-02 5.355997458917949317e-01 -8.441616170636290217e-01 9.686030412112760501e-01 -9.977455855912042981e-01 -6.552164881816802122e-02 -1.451412999161594275e-02 -6.054566356573047869e-01 -6.308462535437003860e-02 8.419262590849588834e-01 5.358922506503573935e-01 1.089603061053495026e+00 0.000000000000000000e+00 0.000000000000000000e+00 0.000000000000000000e+00 1.000000000000000000e+00 6.780591215012057305e-01 7.063459143961614561e-01 2.032517575935411935e-01 1.151242977599581607e+00 -7.267823913907605071e-01 6.030730437532585420e-01 3.287708312221567231e-01 -6.408755305062427965e-01 1.096502773062640046e-01 -3.706458594319257949e-01 9.222789510623282672e-01 -9.221213399563197299e-01 0.000000000000000000e+00 0.000000000000000000e+00 0.000000000000000000e+00 1.000000000000000000e+00
-1.093607356822901000e-01 6.486921801412515176e-01 -7.531524977815702293e-01 1.140000000000002522e+01 -1.292220643037594874e-02 7.567052217174148332e-01 6.536285061153381815e-01 1.421085471520200372e-14 9.939181284552560669e-01 8.121368634157649646e-02 -7.437130548009096564e-02 -2.842170943040400743e-14 0.000000000000000000e+00 0.000000000000000000e+00 0.000000000000000000e+00 1.000000000000000000e+00 6.931052071126309055e-02 -5.843580852370722223e-01 -8.085305683378928299e-01 1.110000000000000853e+01 8.904999848407733898e-02 8.108683084490363457e-01 -5.784139383892682451e-01 2.486899575160350651e-14 9.936126757890719752e-01 -3.190947462840688920e-02 1.082387912913834738e-01 -2.842170943040400743e-14 0.000000000000000000e+00 0.000000000000000000e+00 0.000000000000000000e+00 1.000000000000000000e+00 -2.047503403835404523e-01 8.590155231809391001e-01 -4.692223663115410170e-01 9.686030412112636157e-01 5.819842674507000879e-01 4.922779611093700547e-01 6.472686624933062793e-01 -6.054566356573154451e-01 7.870016585450735347e-01 -1.405515561642027844e-01 -6.007276000876973221e-01 1.089603061053495026e+00 0.000000000000000000e+00 0.000000000000000000e+00 0.000000000000000000e+00 1.000000000000000000e+00 5.019678479897023982e-01 -7.154117849373615723e-01 -4.860187831322214658e-01 1.151242977599579831e+00 1.697359111850010593e-01 6.325042808200513900e-01 -7.557301470753345907e-01 -6.408755305062392438e-01 8.480672143402221419e-01 2.968573945803738567e-01 4.389278838763467361e-01 -9.221213399563197299e-01 0.000000000000000000e+00 0.000000000000000000e+00 0.000000000000000000e+00 1.000000000000000000e+00
4.496976793264945149e-01 8.672329871636234033e-01 2.137263277736833333e-01 1.140000000000002700e+01 -6.029053810507965794e-02 2.682141428976884123e-01 -9.614708651668328887e-01 1.421085471520200372e-14 -8.911436742879148554e-01 4.194855414968637342e-01 1.729012210822058471e-01 3.197442310920450836e-14 0.000000000000000000e+00 0.000000000000000000e+00 0.000000000000000000e+00 1.000000000000000000e+00 1.626323995893256269e-01 9.703055239235356400e-01 -1.790471805063995614e-01 1.110000000000010090e+01 -9.634132749824713127e-01 1.953402392902926499e-01 1.835130853687567953e-01 -3.552713678800500929e-15 2.130388795299283933e-01 1.426512571184863354e-01 9.665738743888891982e-01 7.105427357601001859e-15 0.000000000000000000e+00 0.000000000000000000e+00 0.000000000000000000e+00 1.000000000000000000e+00 -3.914571676920641785e-02 -3.168369525022429745e-01 -9.476718621905562134e-01 9.686030412112671684e-01 -5.403621823781522560e-01 8.044733110287255462e-01 -2.466402313046268668e-01 -6.054566356573047869e-01 8.405214599962013144e-01 5.024311269931140966e-01 -2.026983914940712062e-01 1.089603061053473709e+00 0.000000000000000000e+00 0.000000000000000000e+00 0.000000000000000000e+00 1.000000000000000000e+00 -1.002992584045225843e-01 9.716576282353235339e-01 2.140595997744753343e-01 1.151242977599572725e+00 -8.166659697912781457e-01 4.249412016169507034e-02 -5.755440413526619059e-01 -6.408755305062356911e-01 -5.683280325202813010e-01 -2.325418311697686202e-01 7.892575905291230320e-01 -9.221213399563481516e-01 0.000000000000000000e+00 0.000000000000000000e+00 0.000000000000000000e+00 1.000000000000000000e+00
