9.201958286256939346e-01 3.316848316548898223e-01 -2.079057705546915324e-01 1.540080676525156456e+00 -3.373421066816377767e-01 9.413419539755046861e-01 8.696478895124249570e-03 -4.557088464815421958e-01 1.985949144350558637e-01 6.213290702716413316e-02 9.781101992234242370e-01 9.963684965941181915e-01 0.000000000000000000e+00 0.000000000000000000e+00 0.000000000000000000e+00 1.000000000000000000e+00 9.876252354856299709e-01 -1.020790055903606358e-01 1.190641459451042550e-01 2.882089864393897471e+00 9.569510659052633816e-02 9.937095544045519979e-01 5.817016468718715777e-02 -7.105427357601001859e-15 -1.242531319789636768e-01 -4.605646646009435574e-02 9.911810939937406584e-01 7.105427357601001859e-15 0.000000000000000000e+00 0.000000000000000000e+00 0.000000000000000000e+00 1.000000000000000000e+00 9.969088615710077761e-01 6.956394068520263541e-02 3.651821295658949640e-02 1.799519489222632274e+00 -6.975855749533824146e-02 9.975555571539328481e-01 4.080937083094367951e-03 0.000000000000000000e+00 -3.614506020698818323e-02 -6.615780199809770216e-03 9.993246549920505872e-01 -4.440892098500626162e-16 0.000000000000000000e+00 0.000000000000000000e+00 0.000000000000000000e+00 1.000000000000000000e+00 9.279713024659906884e-01 3.681647053754938392e-01 -5.765424108726673047e-02 1.668716634372269247e+00 -3.698425996972464214e-01 9.288477076938950194e-01 -2.140998274121252987e-02 -4.707447412296517086e-01 4.566960968472594945e-02 4.119084397742388964e-02 9.981070088540968666e-01 2.146113974793504298e-01 0.000000000000000000e+00 0.000000000000000000e+00 0.000000000000000000e+00 1.000000000000000000e+00 9.836475909305886223e-01 -1.614539610832117222e-01 7.981250094433954556e-02 2.692180433473666312e+00 1.578274119844913781e-01 9.862065238904323961e-01 4.987183836823811528e-02 1.421085471520200372e-14 -8.676361497037270165e-02 -3.645971319814224343e-02 9.955615322172618464e-01 4.440892098500626162e-15 0.000000000000000000e+00 0.000000000000000000e+00 0.000000000000000000e+00 1.000000000000000000e+00 9.099352851212220150e-01 3.704140266101831891e-01 1.865776668891293844e-01 1.579296776945598779e+00 -3.722749046339346446e-01 9.277500264653768536e-01 -2.629227592445056161e-02 -4.845733256777577935e-01 -1.828364631881597424e-01 -4.553391355817190678e-02 9.820883312843715629e-01 -4.677714594409376758e-01 0.000000000000000000e+00 0.000000000000000000e+00 0.000000000000000000e+00 1.000000000000000000e+00 3.934171428145766258e-01 -1.130314435170671761e-01 -9.123852500539796351e-01 9.686030412112867083e-01 -4.972909411420591841e-01 8.085363527785954796e-01 -3.145960681469678888e-01 -6.054566356534536453e-01 7.732558901150768937e-01 5.774884059545565274e-01 2.618825488466257623e-01 1.089603061098338266e+00 0.000000000000000000e+00 0.000000000000000000e+00 0.000000000000000000e+00 1.000000000000000000e+00
-1.742604287657323336e-01 5.428976287996122307e-01 -8.215202174080328268e-01 1.540080676525147574e+00 -1.334526247756052941e-01 8.135670376985332242e-01 5.659497081110077543e-01 -4.557088464854501808e-01 9.756145242394070882e-01 2.082566681145931742e-01 -6.932142727125256698e-02 9.963684965491381718e-01 0.000000000000000000e+00 0.000000000000000000e+00 0.000000000000000000e+00 1.000000000000000000e+00 3.358592971871021682e-03 -9.999750433783424208e-01 -6.215502693411313964e-03 2.882089864393902801e+00 9.305667334183472805e-01 8.497879498774452145e-04 3.661213357830255810e-01 -5.684341886080801487e-14 -3.661069167720763518e-01 -7.013592583173607412e-03 9.305463637082900252e-01 7.105427357601001859e-15 0.000000000000000000e+00 0.000000000000000000e+00 0.000000000000000000e+00 1.000000000000000000e+00 8.236545899824669892e-01 -1.627627873394830726e-01 5.432323549442691357e-01 1.799519489222653590e+00 4.961521539662866465e-01 6.707441035394183793e-01 -5.513033535919370509e-01 -7.105427357601001859e-15 -2.746382284304726418e-01 7.236094406685033009e-01 6.332165671079581504e-01 -1.421085471520200372e-14 0.000000000000000000e+00 0.000000000000000000e+00 0.000000000000000000e+00 1.000000000000000000e+00 9.758538342732114845e-01 -1.291020518388753813e-01 1.761872706675026434e-01 1.668716634372252372e+00 2.181219503985693531e-01 5.335430679766592910e-01 -8.171625354654836748e-01 -4.707447412342133930e-01 1.149386308407829120e-02 8.358615045718076342e-01 5.488200399824684217e-01 2.146113974343890618e-01 0.000000000000000000e+00 0.000000000000000000e+00 0.000000000000000000e+00 1.000000000000000000e+00 5.525311271123156676e-02 -3.569986932472110075e-01 -9.324693166831301561e-01 2.692180433473674306e+00 7.771941715295392905e-01 6.016673008407218415e-01 -1.842977993345372156e-01 -1.421085471520200372e-14 6.268303704162976331e-01 -7.145266909771978980e-01 3.107012948234092464e-01 7.105427357601001859e-15 0.000000000000000000e+00 0.000000000000000000e+00 0.000000000000000000e+00 1.000000000000000000e+00 -1.526781403739767562e-01 -6.297511559073140086e-01 7.616448431423574750e-01 1.579296776945584568e+00 9.565650061075436916e-02 7.576449394285175165e-01 6.456190669808806737e-01 -4.845733256828594904e-01 -9.836357147556453739e-01 1.714281989398476480e-01 -5.543602858602914019e-02 -4.677714594858848329e-01 0.000000000000000000e+00 0.000000000000000000e+00 0.000000000000000000e+00 1.000000000000000000e+00 3.335896746218953712e-01 -9.419277671080771297e-01 -3.860065461167792866e-02 9.686030412112707211e-01 -6.705317815960114558e-01 -2.082933256616288364e-01 -7.120400412578616889e-01 -6.054566356573047869e-01 6.626500274317784767e-01 2.634121713885116955e-01 -7.010770065471072510e-01 1.089603061053477262e+00 0.000000000000000000e+00 0.000000000000000000e+00 0.000000000000000000e+00 1.000000000000000000e+00
-1.620121599649431143e-01 -2.164716161843130149e-01 -9.627523562214974628e-01 1.540080676525171555e+00 -7.897792069692019523e-02 9.753564634843174819e-01 -2.060151867745584897e-01 -4.557088464854714971e-01 9.836231738149954218e-01 4.265921384550706852e-02 -1.751160855210014411e-01 9.963684965491355072e-01 0.000000000000000000e+00 0.000000000000000000e+00 0.000000000000000000e+00 1.000000000000000000e+00 6.487580805333241774e-01 -7.577890783272664965e-01 6.977582468612425481e-02 2.882089864393904577e+00 4.465754914672659392e-02 1.294430555800467619e-01 9.905807380856487265e-01 -1.776356839400250465e-14 -7.596832604756567076e-01 -6.395312409335550674e-01 1.178182312847320112e-01 1.421085471520200372e-14 0.000000000000000000e+00 0.000000000000000000e+00 0.000000000000000000e+00 1.000000000000000000e+00 3.861369530551445051e-01 7.902917837038727633e-01 4.757490410872525777e-01 1.799519489222618063e+00 -6.009224415867385760e-01 6.068071325845822983e-01 -5.202665884351115322e-01 -1.421085471520200372e-14 -6.998503216279333694e-01 -8.499412011797254085e-02 7.092147254976096660e-01 1.776356839400250465e-15 0.000000000000000000e+00 0.000000000000000000e+00 0.000000000000000000e+00 1.000000000000000000e+00 5.018165082056089688e-01 -5.996839819198506241e-03 -8.649533108812943460e-01 1.668716634372259477e+00 -1.274695078302996165e-01 9.885452553156703903e-01 -8.080719501614525013e-02 -4.707447412342311566e-01 8.555300793460340891e-01 1.508055572751184348e-01 4.953039140054414924e-01 2.146113974343748509e-01 0.000000000000000000e+00 0.000000000000000000e+00 0.000000000000000000e+00 1.000000000000000000e+00 2.433088036758193073e-01 4.836261644221916955e-01 -8.407773540837794046e-01 2.692180433473682299e+00 -4.233968361063070174e-01 8.328376094420333331e-01 3.565341995854651169e-01 1.065814103640150279e-14 8.726602690789874162e-01 2.692345620182490795e-01 4.074025102841548618e-01 0.000000000000000000e+00 0.000000000000000000e+00 0.000000000000000000e+00 0.000000000000000000e+00 1.000000000000000000e+00 4.820381341886087467e-01 -8.723222908748449189e-01 -8.181111190313543335e-02 1.579296776945597003e+00 7.133360989458328305e-01 3.365305129846206666e-01 6.147347588765817994e-01 -4.845733256828985702e-01 -5.087148976870107253e-01 -3.546844156051553454e-01 7.844795205727957965e-01 -4.677714594858999320e-01 0.000000000000000000e+00 0.000000000000000000e+00 0.000000000000000000e+00 1.000000000000000000e+00 -4.736234991372079151e-02 -9.675449893473508922e-01 -2.482206707739812446e-01 9.686030412112884846e-01 2.010183960020603400e-01 2.341830956673101038e-01 -9.511834114262268658e-01 -6.054566356573012342e-01 9.784418287662325353e-01 -9.494720265763667566e-02 1.834028800975613382e-01 1.089603061053476818e+00 0.000000000000000000e+00 0.000000000000000000e+00 0.000000000000000000e+00 1.000000000000000000e+00
3.998903296877021063e-02 8.944588109243084562e-01 -4.453586339143937312e-01 1.540080676525175107e+00 -7.932557847264839479e-01 2.994407623812598285e-01 5.301702460743155099e-01 -4.557088464854750498e-01 6.075739767634826816e-01 3.320823171811503882e-01 7.215089724843377628e-01 9.963684965491168555e-01 0.000000000000000000e+00 0.000000000000000000e+00 0.000000000000000000e+00 1.000000000000000000e+00 4.849439563821624777e-01 8.262755102765311221e-01 2.865277303956348942e-01 2.882089864393901024e+00 -3.040765669294135387e-01 -1.478817114392612098e-01 9.410995913643875888e-01 -1.199040866595169064e-14 8.199797562213577695e-01 -5.435069277746639171e-01 1.795366782808162087e-01 1.421085471520200372e-14 0.000000000000000000e+00 0.000000000000000000e+00 0.000000000000000000e+00 1.000000000000000000e+00 7.899105042147446243e-01 -5.676900380446013861e-01 2.318823323069850451e-01 1.799519489222632274e+00 3.970680413982124457e-01 1.853362510902294424e-01 -8.988812182552303742e-01 -3.552713678800500929e-15 4.673097108250539033e-01 8.021087798651368450e-01 3.718106230756000885e-01 3.552713678800500929e-15 0.000000000000000000e+00 0.000000000000000000e+00 0.000000000000000000e+00 1.000000000000000000e+00 7.178444932069372175e-02 5.382718883939571208e-01 -8.397085012077276645e-01 1.668716634372284346e+00 4.685352252698916226e-02 8.391312648350488512e-01 5.419072501850700219e-01 -4.707447412342240511e-01 9.963190956026777290e-01 -7.824381471486722972e-02 3.501664170544993571e-02 2.146113974343677455e-01 0.000000000000000000e+00 0.000000000000000000e+00 0.000000000000000000e+00 1.000000000000000000e+00 9.221189504964015793e-01 3.472997487906064884e-01 1.705271990780252711e-01 2.692180433473680523e+00 -3.839002573957680520e-01 8.761284170627426926e-01 2.915811879847460264e-01 8.881784197001252323e-15 -4.813765165520458161e-02 -3.343379746680213427e-01 9.412230793961693376e-01 7.105427357601001859e-15 0.000000000000000000e+00 0.000000000000000000e+00 0.000000000000000000e+00 1.000000000000000000e+00 9.890402899355681399e-01 -1.476347529882109377e-01 1.812344966399898061e-03 1.579296776945607661e+00 6.745109828530276852e-02 4.408837096514619525e-01 -8.950262029147928455e-01 -4.845733256828896884e-01 1.313379390133472546e-01 8.853392198892329201e-01 4.460098782556849439e-01 -4.677714594859097019e-01 0.000000000000000000e+00 0.000000000000000000e+00 0.000000000000000000e+00 1.000000000000000000e+00 9.544760545041206523e-01 2.076712896041927048e-01 -2.141216870202047595e-01 9.686030412112991428e-01 -2.910875500584632625e-01 8.052436722562247295e-01 -5.165759058379236768e-01 -6.054566356572994579e-01 6.514214902203205315e-02 5.553874897451699377e-01 8.290363301178966804e-01 1.089603061053459498e+00 0.000000000000000000e+00 0.000000000000000000e+00 0.000000000000000000e+00 1.000000000000000000e+00
7.861233781177054958e-01 -7.150657530119443328e-02 -6.139192488149411986e-01 1.540080676525128922e+00 -6.175365794662429630e-01 -4.962789783922438858e-02 -7.849749325788641929e-01 -4.557088464854643917e-01 2.566334736427933888e-02 9.962047387182788594e-01 -8.317157661909635458e-02 9.963684965491808043e-01 0.000000000000000000e+00 0.000000000000000000e+00 0.000000000000000000e+00 1.000000000000000000e+00 1.189916782148399133e-01 -9.627060473121951123e-01 2.429774618851419654e-01 2.882089864393908130e+00 9.417743571853026685e-02 -2.326694433858755851e-01 -9.679852998449869350e-01 -2.131628207280300558e-14 9.884187326822060360e-01 1.380651896135896561e-01 6.297945934878645957e-02 1.065814103640150279e-14 0.000000000000000000e+00 0.000000000000000000e+00 0.000000000000000000e+00 1.000000000000000000e+00 6.397090779949961004e-01 -7.268300960961774360e-01 -2.499806131275251753e-01 1.799519489222637603e+00 5.517887614566331644e-02 3.678229024142697368e-01 -9.282572941199247474e-01 -4.662936703425657470e-15 7.666339329550275750e-01 5.800209684730063264e-01 2.754053176203073994e-01 1.421085471520200372e-14 0.000000000000000000e+00 0.000000000000000000e+00 0.000000000000000000e+00 1.000000000000000000e+00 3.407201737203655600e-01 9.356891584973048293e-01 9.162729882829445671e-02 1.668716634372232832e+00 -3.619530627511318155e-01 2.204958272552209886e-01 -9.057436560794178693e-01 -4.707447412342204984e-01 -8.676979564255289379e-01 2.754403544029839224e-01 4.138029332681433248e-01 2.146113974344245889e-01 0.000000000000000000e+00 0.000000000000000000e+00 0.000000000000000000e+00 1.000000000000000000e+00 3.373740454527265342e-01 -4.460201242152636025e-01 -8.290022932717752147e-01 2.692180433473701839e+00 -2.806805237378575679e-01 7.929176635527421801e-01 -5.408327120471749794e-01 0.000000000000000000e+00 8.985528348678798460e-01 4.151477178319318839e-01 1.423206778013480500e-01 -2.498001805406602216e-15 0.000000000000000000e+00 0.000000000000000000e+00 0.000000000000000000e+00 1.000000000000000000e+00 3.179985332328162384e-01 9.407130933700743602e-01 -1.180500267847637286e-01 1.579296776945573910e+00 -3.112989405766036777e-01 2.212101629105206468e-01 9.242072459253851680e-01 -4.845733256828914648e-01 8.955277228861548977e-01 -2.571477003342765855e-01 3.631874966943815508e-01 -4.677714594858599639e-01 0.000000000000000000e+00 0.000000000000000000e+00 0.000000000000000000e+00 1.000000000000000000e+00 -4.266605219002939098e-01 -8.876687818846744626e-01 1.732193197052431244e-01 9.686030412112618393e-01 2.940788184478972944e-01 -3.172839876064630360e-01 -9.015811221120539898e-01 -6.054566356573118924e-01 8.552651329219831400e-01 -3.337289392245150754e-01 3.964171382925092413e-01 1.089603061053523447e+00 0.000000000000000000e+00 0.000000000000000000e+00 0.000000000000000000e+00 1.000000000000000000e+00
4.456032686536004483e-02 8.973121860038780762e-01 4.391414557048720635e-01 1.540080676525139580e+00 -6.224617456138598071e-01 3.687576956445128840e-01 -6.903326279050522318e-01 -4.557088464854928134e-01 -7.813806706829897752e-01 -2.425873095441940241e-01 5.749744731125987496e-01 9.963684965491950152e-01 0.000000000000000000e+00 0.000000000000000000e+00 0.000000000000000000e+00 1.000000000000000000e+00 3.681424943949712647e-01 9.016986157417856695e-01 2.267393000562462624e-01 2.882089864393897471e+00 -2.073330406907340218e-01 3.173406642469630556e-01 -9.253690685630414636e-01 -1.598721155460225418e-14 -9.063576082643005627e-01 2.936571286119991075e-01 3.037784994972041464e-01 -2.842170943040400743e-14 0.000000000000000000e+00 0.000000000000000000e+00 0.000000000000000000e+00 1.000000000000000000e+00 9.377682837253418224e-01 1.487021234122970492e-01 3.138125627368998360e-01 1.799519489222610957e+00 5.539406372673877192e-03 8.971569771610339306e-01 -4.416771143135158617e-01 -1.421085471520200372e-14 -3.472174549412300193e-01 4.159291247603972841e-01 8.405016372144582526e-01 7.105427357601001859e-15 0.000000000000000000e+00 0.000000000000000000e+00 0.000000000000000000e+00 1.000000000000000000e+00 2.020825523439429006e-02 -9.874970281739730016e-01 -1.563369622576610829e-01 1.668716634372238161e+00 -3.188773009859630081e-02 1.556527426813851811e-01 -9.872970152719604542e-01 -4.707447412342560256e-01 9.992871454639755679e-01 2.493678093367823756e-02 -2.834356835553863974e-02 2.146113974344316944e-01 0.000000000000000000e+00 0.000000000000000000e+00 0.000000000000000000e+00 1.000000000000000000e+00 9.313015053316222591e-01 3.632918703813952099e-01 -2.639172373760208939e-02 2.692180433473676970e+00 -1.153088038625557504e-01 3.627720081759080450e-01 9.247163618298345211e-01 7.105427357601001859e-15 3.455161152809533287e-01 -8.581465416808521374e-01 3.797408683330680823e-01 -2.842170943040400743e-14 0.000000000000000000e+00 0.000000000000000000e+00 0.000000000000000000e+00 1.000000000000000000e+00 3.834954320412623519e-01 6.625903837624155246e-01 -6.433546743041979044e-01 1.579296776945579239e+00 -5.870784807716096509e-02 7.126970041879358009e-01 6.990109933296403399e-01 -4.845733256828879121e-01 9.216749113313407182e-01 -2.302975544097601579e-01 3.122153011228775421e-01 -4.677714594858350949e-01 0.000000000000000000e+00 0.000000000000000000e+00 0.000000000000000000e+00 1.000000000000000000e+00 7.922492533319334118e-01 -3.273366157070424221e-01 -5.149678248322452356e-01 9.686030412112600629e-01 5.505670414251698785e-01 7.473344099183065747e-01 3.719774356710255359e-01 -6.054566356573189978e-01 2.630913405859822141e-01 -5.782231574137416397e-01 7.722958803069934763e-01 1.089603061053534105e+00 0.000000000000000000e+00 0.000000000000000000e+00 0.000000000000000000e+00 1.000000000000000000e+00
7.048842388589218189e-01 4.293160219273531863e-01 -5.646467595982029852e-01 1.540080676525157344e+00 -5.569297220082611855e-01 -1.580110285146252291e-01 -8.153905810171903079e-01 -4.557088464854786025e-01 -4.392806557908957021e-01 8.892245319289288075e-01 1.277193691798464981e-01 9.963684965491266254e-01 0.000000000000000000e+00 0.000000000000000000e+00 0.000000000000000000e+00 1.000000000000000000e+00 2.585347916716890238e-01 -5.976970129652585673e-01 7.588926420698017816e-01 2.882089864393913015e+00 5.974997732224642810e-01 7.162383792928639359e-01 3.605504195352369212e-01 -7.105427357601001859e-15 -7.590479447929362466e-01 3.602233539352206471e-01 5.422963698802349963e-01 1.421085471520200372e-14 0.000000000000000000e+00 0.000000000000000000e+00 0.000000000000000000e+00 1.000000000000000000e+00 7.359446729608598581e-02 -1.479899601310119984e-03 9.972871523691536622e-01 1.799519489222646484e+00 7.219062062273426950e-01 6.900155669792462643e-01 -5.224889220600477391e-02 -1.065814103640150279e-14 -6.880663367683748088e-01 7.237930140747971253e-01 5.184967678462348850e-02 -1.421085471520200372e-14 0.000000000000000000e+00 0.000000000000000000e+00 0.000000000000000000e+00 1.000000000000000000e+00 -2.640657108046373658e-02 8.431411805618997946e-01 -5.370434271494791689e-01 1.668716634372266583e+00 -4.568798177223581253e-02 5.356514487141741387e-01 8.432023089460713994e-01 -4.707447412342560256e-01 9.986066799923540849e-01 4.680251201690004831e-02 2.437670083410936606e-02 2.146113974343686337e-01 0.000000000000000000e+00 0.000000000000000000e+00 0.000000000000000000e+00 1.000000000000000000e+00 7.931247563103949183e-01 -2.955351299519609620e-01 -5.325524461420250155e-01 2.692180433473681411e+00 6.084266098054670335e-01 4.242918168160367820e-01 6.706664705079364852e-01 2.842170943040400743e-14 2.775214240743845151e-02 -8.559412603369606076e-01 5.163277810118036548e-01 1.776356839400250465e-14 0.000000000000000000e+00 0.000000000000000000e+00 0.000000000000000000e+00 1.000000000000000000e+00 2.150384996811551819e-01 -3.329278148560805839e-01 -9.181053935959820889e-01 1.579296776945589897e+00 -3.929376017069499682e-02 9.363876868786743524e-01 -3.487608066765152670e-01 -4.845733256829021229e-01 9.758147590944327154e-01 1.110728137626893347e-01 1.882774175951890117e-01 -4.677714594859061492e-01 0.000000000000000000e+00 0.000000000000000000e+00 0.000000000000000000e+00 1.000000000000000000e+00 9.608549603550697871e-01 -2.500710084714266035e-01 -1.192570160751177527e-01 9.686030412112884846e-01 -5.442630092373121342e-02 2.516867168159655499e-01 -9.662771726301720987e-01 -6.054566356573189978e-01 2.716533138557611360e-01 9.349429326437436183e-01 2.282239903487355281e-01 1.089603061053470157e+00 0.000000000000000000e+00 0.000000000000000000e+00 0.000000000000000000e+00 1.000000000000000000e+00
1.785392364532329967e-01 6.308142703701443699e-01 -7.551139631499863558e-01 1.540080676525166226e+00 -2.386680491252615444e-01 -7.167599054065365571e-01 -6.552043958402252732e-01 -4.557088464854643917e-01 -9.545476957038021570e-01 2.972012690063675633e-01 2.258544503804293946e-02 9.963684965490990919e-01 0.000000000000000000e+00 0.000000000000000000e+00 0.000000000000000000e+00 1.000000000000000000e+00 7.840964566144382752e-01 2.054402413708225628e-01 5.856509659773306842e-01 2.882089864393908130e+00 -5.847207260945523899e-01 -7.183027291786858726e-02 8.080483180899541429e-01 -1.421085471520200372e-14 2.080731102284524570e-01 -9.760300810518304226e-01 6.380330463083871972e-02 1.421085471520200372e-14 0.000000000000000000e+00 0.000000000000000000e+00 0.000000000000000000e+00 1.000000000000000000e+00 1.302902864855810527e-01 -5.150950572443342423e-01 8.471726643665747902e-01 1.799519489222625168e+00 1.902547178735490563e-02 8.555976985808856350e-01 5.172916098356521442e-01 -7.105427357601001859e-15 -9.912933333129876345e-01 -5.128021241714997985e-02 1.212759957439154546e-01 7.105427357601001859e-15 0.000000000000000000e+00 0.000000000000000000e+00 0.000000000000000000e+00 1.000000000000000000e+00 7.235818296660083693e-01 -5.025772895566641418e-01 -4.731230324123618658e-01 1.668716634372282570e+00 4.227669691790447715e-02 7.164311477569103026e-01 -6.963756826752552920e-01 -4.707447412342133930e-01 6.889426802535196792e-01 4.838827115588996142e-01 5.396438684720725742e-01 2.146113974343446529e-01 0.000000000000000000e+00 0.000000000000000000e+00 0.000000000000000000e+00 1.000000000000000000e+00 7.559237041196198437e-01 -6.005886800065141085e-01 2.605236860596489290e-01 2.692180433473666312e+00 4.751913142935118017e-01 7.771046735679550954e-01 4.126760728935551237e-01 -7.105427357601001859e-15 -4.503027519015161406e-01 -1.881530328399595720e-01 8.728263675342574635e-01 1.421085471520200372e-14 0.000000000000000000e+00 0.000000000000000000e+00 0.000000000000000000e+00 1.000000000000000000e+00 3.480359274222245558e-01 5.263857223305687949e-01 -7.757506458584985110e-01 1.579296776945612990e+00 -9.155765816910054200e-01 3.686841932752086270e-01 -1.605972872997004919e-01 -4.845733256828879121e-01 2.014708819714798316e-01 7.661527504065583916e-01 6.102617854348246773e-01 -4.677714594859327946e-01 0.000000000000000000e+00 0.000000000000000000e+00 0.000000000000000000e+00 1.000000000000000000e+00 9.446225082147453600e-01 -2.374575527265815333e-01 2.264999506118844097e-01 9.686030412112902610e-01 1.866329780419397066e-01 -1.789747842269500122e-01 -9.659897298202053673e-01 -6.054566356572905761e-01 2.699193369902945228e-01 9.547680018014947922e-01 -1.247461993597414054e-01 1.089603061053441735e+00 0.000000000000000000e+00 0.000000000000000000e+00 0.000000000000000000e+00 1.000000000000000000e+00
9.024818370317447824e-01 1.444780034620469222e-01 4.057741247830227160e-01 1.540080676525178216e+00 -1.102955448041847836e-01 9.881725633676464726e-01 -1.065358052664118482e-01 -4.557088464854555099e-01 -4.163669374772153708e-01 5.139155108610284073e-02 9.077430703964690650e-01 9.963684965490955392e-01 0.000000000000000000e+00 0.000000000000000000e+00 0.000000000000000000e+00 1.000000000000000000e+00 9.761843115634835089e-01 -2.026131335338969830e-01 7.753778418876107470e-02 2.882089864393897471e+00 1.067738077985836559e-01 7.598431697604686175e-01 6.412781856078959564e-01 0.000000000000000000e+00 -1.888479383671391176e-01 -6.177266996722247105e-01 7.633807573462552121e-01 2.131628207280300558e-14 0.000000000000000000e+00 0.000000000000000000e+00 0.000000000000000000e+00 1.000000000000000000e+00 1.976277332644524876e-01 -8.934311407778543490e-01 4.033907234098675909e-01 1.799519489222639379e+00 6.054298677963115827e-01 4.348870455913349531e-01 6.665792771733763944e-01 -7.105427357601001859e-15 -7.709720839465559195e-01 1.124902407554629613e-01 6.268556384925343394e-01 -7.105427357601001859e-15 0.000000000000000000e+00 0.000000000000000000e+00 0.000000000000000000e+00 1.000000000000000000e+00 1.009423604472676761e-01 9.945648253709513664e-01 -2.552347942939513573e-02 1.668716634372291896e+00 -6.585333172963594994e-02 3.227757282408805217e-02 9.973071227022757279e-01 -4.707447412342098403e-01 9.927104202976012592e-01 -9.898972889868191960e-02 6.875358176215284889e-02 2.146113974343535347e-01 0.000000000000000000e+00 0.000000000000000000e+00 0.000000000000000000e+00 1.000000000000000000e+00 8.286182583835023374e-01 3.866267566415262369e-01 4.048598929535319746e-01 2.692180433473680523e+00 -2.954349114369678175e-01 9.163045813639998372e-01 -2.703777492242584457e-01 -1.776356839400250465e-15 -4.755102469744708626e-01 1.044301930487493701e-01 8.734897479662131481e-01 5.329070518200751394e-15 0.000000000000000000e+00 0.000000000000000000e+00 0.000000000000000000e+00 1.000000000000000000e+00 7.457931371185210212e-01 4.297017202613917508e-01 5.090668209884784412e-01 1.579296776945615211e+00 -2.053491585381696516e-01 8.752357196958231444e-01 -4.379430991078638868e-01 -4.845733256828772539e-01 -6.337383685043699311e-01 2.220785144333760619e-01 7.409836797882152215e-01 -4.677714594859310182e-01 0.000000000000000000e+00 0.000000000000000000e+00 0.000000000000000000e+00 1.000000000000000000e+00 2.618841358884200776e-01 -9.276655752906546315e-01 -2.661827939417460986e-01 9.686030412113049159e-01 -8.852146407442911258e-01 -1.210171821377847845e-01 -4.491657616508473172e-01 -6.054566356572799180e-01 3.844629230263056918e-01 3.532582936720506939e-01 -8.528756291335684026e-01 1.089603061053452393e+00 0.000000000000000000e+00 0.000000000000000000e+00 0.000000000000000000e+00 1.000000000000000000e+00
8.992261249243481691e-01 -5.543738866559418110e-02 4.339574543563924358e-01 1.540080676525178660e+00 3.470080529032673611e-01 6.944480711554947838e-01 -6.303390259921213268e-01 -4.557088464854714971e-01 -2.664165675663280886e-01 7.174040510105534896e-01 6.437030682852329377e-01 9.963684965491239609e-01 0.000000000000000000e+00 0.000000000000000000e+00 0.000000000000000000e+00 1.000000000000000000e+00 2.034314289175690460e-01 -9.448524996978052704e-01 2.566503604972432129e-01 2.882089864393897471e+00 9.333458983898060835e-01 1.079587358909762651e-01 -3.423599645165129601e-01 -1.421085471520200372e-14 2.957720197846335219e-01 3.091903380761295006e-01 9.038364050827378815e-01 -7.105427357601001859e-15 0.000000000000000000e+00 0.000000000000000000e+00 0.000000000000000000e+00 1.000000000000000000e+00 6.620211011661336631e-01 7.091086746563437515e-01 2.426786952699051536e-01 1.799519489222645596e+00 -6.174155356318845600e-01 3.324248515476347920e-01 7.129458425672500210e-01 -1.421085471520200372e-14 4.248836522757409306e-01 -6.218187883947032812e-01 6.578869784607158655e-01 1.421085471520200372e-14 0.000000000000000000e+00 0.000000000000000000e+00 0.000000000000000000e+00 1.000000000000000000e+00 1.558753237493734067e-01 -2.543297790845093220e-01 -9.544732824531302340e-01 1.668716634372273688e+00 4.113528903938307862e-02 9.671175438674689540e-01 -2.509811633158963717e-01 -4.707447412342133930e-01 9.869198404336972930e-01 -1.407642672185405717e-04 1.612116892280042180e-01 2.146113974343695219e-01 0.000000000000000000e+00 0.000000000000000000e+00 0.000000000000000000e+00 1.000000000000000000e+00 2.693500459928955815e-01 -9.506308320129028822e-01 1.541154565580012126e-01 2.692180433473676970e+00 2.054928044272230636e-01 2.130771005857379219e-01 9.551810595560459305e-01 2.131628207280300558e-14 -9.408630400075561617e-01 -2.256084449492781197e-01 2.527401224881170583e-01 1.421085471520200372e-14 0.000000000000000000e+00 0.000000000000000000e+00 0.000000000000000000e+00 1.000000000000000000e+00 -1.522936355360660077e-01 -6.970668271981363961e-01 7.006457642740241409e-01 1.579296776945611214e+00 3.354610553225968045e-02 7.048608037505326163e-01 7.085519784319084247e-01 -4.845733256828737012e-01 -9.877658160610878202e-01 1.314118935107347619e-01 -8.396193700181608932e-02 -4.677714594859070374e-01 0.000000000000000000e+00 0.000000000000000000e+00 0.000000000000000000e+00 1.000000000000000000e+00 -5.838618067397978173e-01 2.245194999800207425e-01 -7.801899670972836098e-01 9.686030412112813792e-01 -2.408814068061455593e-01 8.698157200784684129e-01 4.305772415716693780e-01 -6.054566356572976815e-01 7.752944850091680884e-01 4.393308630555073369e-01 -4.537696048450929887e-01 1.089603061053465272e+00 0.000000000000000000e+00 0.000000000000000000e+00 0.000000000000000000e+00 1.000000000000000000e+00
8.467299522513724863e-01 -1.098380867284893814e-01 -5.205612189399179135e-01 1.540080676525157344e+00 -4.937154849189556716e-01 2.023380769021462244e-01 -8.457566568385858075e-01 -4.557088464854643917e-01 1.982256489751738071e-01 9.731366283001404716e-01 1.170969459422623871e-01 9.963684965491452772e-01 0.000000000000000000e+00 0.000000000000000000e+00 0.000000000000000000e+00 1.000000000000000000e+00 4.886442907681832759e-01 -8.116527233261267016e-01 -3.200728258020998918e-01 2.882089864393901024e+00 8.668742173537881124e-01 4.931837411319561770e-01 7.279346653611841467e-02 -1.421085471520200372e-14 9.877169830936678718e-02 -3.130329921915097624e-01 9.445922387002306797e-01 2.842170943040400743e-14 0.000000000000000000e+00 0.000000000000000000e+00 0.000000000000000000e+00 1.000000000000000000e+00 9.556071325346052747e-01 -2.237136846109926691e-01 1.917477394045692674e-01 1.799519489222625168e+00 2.664161857789202337e-01 3.780941274460137835e-01 -8.866043349464572954e-01 -7.105427357601001859e-15 1.258468283430343448e-01 8.983301275748304393e-01 4.209103915174677857e-01 -1.421085471520200372e-14 0.000000000000000000e+00 0.000000000000000000e+00 0.000000000000000000e+00 1.000000000000000000e+00 6.662588420371898801e-01 6.381805873713674027e-01 3.857780363234787901e-01 1.668716634372273688e+00 -4.866346681287992415e-01 -1.990919656251244341e-02 8.733786828560728965e-01 -4.707447412342133930e-01 5.650538515773839698e-01 -7.696292365773093058e-01 2.972961200940773541e-01 2.146113974343748509e-01 0.000000000000000000e+00 0.000000000000000000e+00 0.000000000000000000e+00 1.000000000000000000e+00 -1.304483964624298942e-01 -9.587861372535358973e-01 2.524130719095673547e-01 2.692180433473676970e+00 9.898673012835627061e-01 -1.115454206378354574e-01 8.786549370671482839e-02 1.421085471520200372e-14 -5.608869502829508247e-02 2.613173590582379968e-01 9.636219674461821150e-01 7.105427357601001859e-15 0.000000000000000000e+00 0.000000000000000000e+00 0.000000000000000000e+00 1.000000000000000000e+00 4.991446267456619568e-01 -7.456896412934452822e-01 -4.413633429030856536e-01 1.579296776945597003e+00 8.242897655699170656e-01 5.656793544971036036e-01 -2.352127276384824439e-02 -4.845733256828879121e-01 2.672097003621406452e-01 -3.520707695384454605e-01 8.970201498678732621e-01 -4.677714594858954911e-01 0.000000000000000000e+00 0.000000000000000000e+00 0.000000000000000000e+00 1.000000000000000000e+00 2.940650213988954542e-01 -4.563651464694869486e-01 -8.397955800535930049e-01 9.686030412112884846e-01 -9.470842163678501180e-01 -2.084122415507461135e-02 -3.203078682808353506e-01 -6.054566356572905761e-01 1.286749792949747062e-01 8.895484789844798623e-01 -4.383449021487946240e-01 1.089603061053466604e+00 0.000000000000000000e+00 0.000000000000000000e+00 0.000000000000000000e+00 1.000000000000000000e+00
5.004725093471061870e-01 5.912713960096139809e-01 -6.323965556900615903e-01 1.540080676525157344e+00 1.779460040652921793e-01 6.446092954992964641e-01 7.435146775908971772e-01 -4.557088464854572862e-01 8.472676596123599468e-01 -4.846410965000214066e-01 2.173948494289854594e-01 9.963684965491523826e-01 0.000000000000000000e+00 0.000000000000000000e+00 0.000000000000000000e+00 1.000000000000000000e+00 2.802475422363199797e-01 4.664279069512980436e-01 8.389912530459024964e-01 2.882089864393908130e+00 -4.689346370937051423e-01 -6.961074368720425731e-01 5.436310720196472213e-01 -1.421085471520200372e-14 8.375927537916605381e-01 -5.457833305886751196e-01 2.364180296076923149e-02 -8.881784197001252323e-15 0.000000000000000000e+00 0.000000000000000000e+00 0.000000000000000000e+00 1.000000000000000000e+00 9.136870641871528420e-01 3.492137419109520580e-01 -2.079079392366068035e-01 1.799519489222634050e+00 -3.391500437217666586e-01 9.370256697076387864e-01 8.342746641529306950e-02 -1.421085471520200372e-14 2.239490937257513359e-01 -5.714610179363813040e-03 9.745840890605143025e-01 -7.105427357601001859e-15 0.000000000000000000e+00 0.000000000000000000e+00 0.000000000000000000e+00 1.000000000000000000e+00 2.047871734191089033e-01 8.491312827074393166e-01 -4.868657703419194682e-01 1.668716634372259477e+00 -2.976987007961141574e-01 5.278765374659248888e-01 7.954381463931005092e-01 -4.707447412342204984e-01 9.324364306199740549e-01 -1.795622233668980536e-02 3.608876236892556433e-01 2.146113974344006081e-01 0.000000000000000000e+00 0.000000000000000000e+00 0.000000000000000000e+00 1.000000000000000000e+00 4.727399165804967440e-01 5.803614802601496647e-01 6.630969186338548926e-01 2.692180433473676970e+00 -4.620847709468473008e-01 8.039990369614264942e-01 -3.742502011009458673e-01 7.105427357601001859e-15 -7.503296846923123153e-01 -1.294839789137897379e-01 6.482586393363289901e-01 -7.105427357601001859e-15 0.000000000000000000e+00 0.000000000000000000e+00 0.000000000000000000e+00 1.000000000000000000e+00 4.123016881879102424e-01 6.894924304237934898e-01 -5.954892999086460748e-01 1.579296776945589897e+00 -7.525778366502824390e-01 -1.106179827508646518e-01 -6.491457938513582882e-01 -4.845733256828808067e-01 -5.134529362075750392e-01 7.157959557586361932e-01 4.732887406429614474e-01 -4.677714594858795039e-01 0.000000000000000000e+00 0.000000000000000000e+00 0.000000000000000000e+00 1.000000000000000000e+00 -8.670418720734072160e-01 -4.512629668752802248e-01 2.111874210230358651e-01 9.686030412112742738e-01 -4.707690122903047253e-02 -3.477736846792827130e-01 -9.363958722758590758e-01 -6.054566356572976815e-01 4.960062070600663175e-01 -8.218364794601871193e-01 2.802902845022853251e-01 1.089603061053505684e+00 0.000000000000000000e+00 0.000000000000000000e+00 0.000000000000000000e+00 1.000000000000000000e+00
8.907276569230871965e-01 -4.363019110045159854e-01 1.274554182689558168e-01 1.540080676525157344e+00 1.554683032151556454e-01 2.894395190567455867e-02 -9.874167581844467412e-01 -4.557088464854714971e-01 4.271227550572639919e-01 8.993346930380753390e-01 9.361229625643796570e-02 9.963684965491239609e-01 0.000000000000000000e+00 0.000000000000000000e+00 0.000000000000000000e+00 1.000000000000000000e+00 9.699496097781613591e-01 7.035241423047638998e-02 2.329126280456597919e-01 2.882089864393904577e+00 1.982365205303717182e-01 3.265170650911604078e-01 -9.241692962505659859e-01 -1.421085471520200372e-14 -1.410674888810455885e-01 9.425694372385508002e-01 3.027586820631205100e-01 -7.105427357601001859e-15 0.000000000000000000e+00 0.000000000000000000e+00 0.000000000000000000e+00 1.000000000000000000e+00 1.242039250694888519e-01 1.206701151569259389e-01 -9.848919272211276166e-01 1.799519489222625168e+00 -8.210263676933700350e-02 9.904238934829430185e-01 1.109940009802797833e-01 0.000000000000000000e+00 9.888541560982868628e-01 6.707633357677110497e-02 1.329218696868299521e-01 0.000000000000000000e+00 0.000000000000000000e+00 0.000000000000000000e+00 0.000000000000000000e+00 1.000000000000000000e+00 1.340621900007397116e-01 9.877052156638286284e-01 -8.040980140924967878e-02 1.668716634372259477e+00 -6.761337174087141966e-01 1.504894681133495116e-01 7.212462243714237164e-01 -4.707447412342204984e-01 7.244794858346773614e-01 -4.232407042606544517e-02 6.879957468380824004e-01 2.146113974343606401e-01 0.000000000000000000e+00 0.000000000000000000e+00 0.000000000000000000e+00 1.000000000000000000e+00 8.578943488815409246e-01 2.856838838824576898e-01 4.270854769796690320e-01 2.692180433473682299e+00 -1.215305219072080750e-01 9.204195292871090173e-01 -3.715618688076835485e-01 -3.552713678800500929e-15 -4.992470514705906748e-01 2.668569065936481910e-01 8.243420242843321200e-01 -7.105427357601001859e-15 0.000000000000000000e+00 0.000000000000000000e+00 0.000000000000000000e+00 1.000000000000000000e+00 5.219319670349807927e-01 2.860720215674510958e-01 -8.035856023245486757e-01 1.579296776945597003e+00 -6.477944648356868118e-01 7.458317736528294883e-01 -1.552330400981718206e-01 -4.845733256828879121e-01 5.549318454686501534e-01 6.015793911747527867e-01 5.745893168155599140e-01 -4.677714594859168074e-01 0.000000000000000000e+00 0.000000000000000000e+00 0.000000000000000000e+00 1.000000000000000000e+00 7.778548579495174753e-01 5.552564480399644342e-01 2.943333091486219355e-01 9.686030412112813792e-01 -4.177415688419701123e-01 8.067439251752477336e-01 -4.179189166025916169e-01 -6.054566356573047869e-01 -4.695037823338440441e-01 2.021250011821312531e-01 8.594833810326630852e-01 1.089603061053466604e+00 0.000000000000000000e+00 0.000000000000000000e+00 0.000000000000000000e+00 1.000000000000000000e+00
5.954097280838414052e-01 7.301366022650082055e-01 -3.352428936398733073e-01 1.540080676525175107e+00 -3.451713086683985687e-01 -1.443263309119349191e-01 -9.273762331856708618e-01 -4.557088464854661680e-01 -7.254957087228506296e-01 6.678850591519531754e-01 1.660889050668972189e-01 9.963684965491097500e-01 0.000000000000000000e+00 0.000000000000000000e+00 0.000000000000000000e+00 1.000000000000000000e+00 9.133963505086395429e-02 -3.984412331813964175e-02 9.950223700529469140e-01 2.882089864393904577e+00 9.142677381435160289e-01 -3.926631333469317031e-01 -9.965022177651497448e-02 -7.105427357601001859e-15 3.946790773004240638e-01 9.188188665603129746e-01 5.624892065496656102e-04 1.065814103640150279e-14 0.000000000000000000e+00 0.000000000000000000e+00 0.000000000000000000e+00 1.000000000000000000e+00 3.590642603511311481e-01 -9.308122806132320681e-01 6.827411806892158541e-02 1.799519489222639379e+00 2.662780102365805979e-01 3.205603585915284270e-02 -9.633630841118236976e-01 -1.243449787580175325e-14 8.945215918036539815e-01 3.640891495562464386e-01 2.593650187910210292e-01 -2.131628207280300558e-14 0.000000000000000000e+00 0.000000000000000000e+00 0.000000000000000000e+00 1.000000000000000000e+00 -1.083214137494437068e-02 9.996430893914847182e-01 -2.442045341679072168e-02 1.668716634372273688e+00 -9.581843278482458093e-01 -3.392936123777667845e-03 2.861315813580626033e-01 -4.707447412342258275e-01 2.859466009226877548e-01 2.649871348402393911e-02 9.578790944604923530e-01 2.146113974343677455e-01 0.000000000000000000e+00 0.000000000000000000e+00 0.000000000000000000e+00 1.000000000000000000e+00 3.439973544510500636e-01 -8.373462764002077563e-01 -4.248729616360467087e-01 2.692180433473669865e+00 -2.622687940546664098e-02 4.437430226262941702e-01 -8.957702164434422354e-01 3.552713678800500929e-15 9.386042674776893247e-01 3.192856765800606844e-01 1.306854460277928620e-01 0.000000000000000000e+00 0.000000000000000000e+00 0.000000000000000000e+00 0.000000000000000000e+00 1.000000000000000000e+00 9.911793255921695911e-01 -1.020728231101531991e-01 -8.452622847953925045e-02 1.579296776945614766e+00 1.143003070065619076e-01 9.812140394549181410e-01 1.554170151391668087e-01 -4.845733256828896884e-01 6.707446859168986197e-02 -1.637075061165055023e-01 9.842260249070112765e-01 -4.677714594859025965e-01 0.000000000000000000e+00 0.000000000000000000e+00 0.000000000000000000e+00 1.000000000000000000e+00 9.606565025684813408e-01 -1.281119747151162058e-01 -2.464272834072695484e-01 9.686030412112955901e-01 5.261545649850917633e-02 9.551400943858643355e-01 -2.914429855632413857e-01 -6.054566356573030106e-01 2.727099151302475044e-01 2.670107151991389371e-01 9.243022125682148760e-01 1.089603061053480815e+00 0.000000000000000000e+00 0.000000000000000000e+00 0.000000000000000000e+00 1.000000000000000000e+00
